(4, 3)
(4, 4)
(4, 5)
(4, 6)
(4, 7)
(4, 8)
(4, 9)
(4, 10)
(4, 11)
(4, 12)
(4, 13)
(4, 14)
(4, 15)
(4, 16)
(4, 17)
(4, 18)
(4, 19)
(4, 20)
(4, 21)
(4, 22)
(4, 23)
(4, 24)
(4, 25)
(4, 26)
(4, 27)
(4, 28)
(4, 29)
(4, 30)
(4, 31)
(4, 32)
(4, 33)
(4, 34)
(4, 35)
(4, 36)
(4, 37)
(4, 38)
(4, 39)
(4, 40)
(4, 41)
(4, 42)
(4, 43)
(4, 44)
(4, 45)
(4, 46)
(4, 47)
(4, 48)
(4, 49)
(4, 50)
(4, 51)
(4, 52)
(4, 53)
(4, 54)
(4, 55)
(4, 56)
(4, 57)
(4, 58)
(4, 59)
(4, 60)
(4, 61)
(4, 62)
(4, 63)
(4, 64)
(4, 65)
(4, 66)
(4, 67)
(4, 68)
(4, 69)
(4, 70)
(4, 71)
(4, 72)
(4, 73)
(4, 74)
(4, 75)
(4, 76)
(4, 77)
(4, 78)
(4, 79)
(4, 80)
(4, 81)
(4, 82)
(4, 83)
(4, 84)
(4, 85)
(4, 86)
(4, 87)
(4, 88)
(4, 89)
(4, 90)
(4, 91)
(4, 92)
(4, 93)
(4, 94)
(4, 95)
(4, 96)
(4, 97)
(4, 98)
(4, 99)
(4, 100)
(4, 101)
(4, 102)
(4, 103)
(4, 104)
(4, 105)
(4, 106)
(4, 107)
(4, 108)
(4, 109)
(4, 110)
(4, 111)
(4, 112)
(4, 113)
(4, 114)
(4, 115)
(4, 116)
(4, 117)
(4, 118)
(4, 119)
(4, 120)
(4, 121)
(4, 122)
(4, 123)
(4, 124)
(4, 125)
(4, 126)
(4, 127)
(4, 128)
(4, 129)
(4, 130)
(4, 131)
(4, 132)
(4, 133)
(4, 134)
(4, 135)
(4, 136)
(4, 137)
(4, 138)
(4, 139)
(4, 140)
(4, 141)
(4, 142)
(4, 143)
(4, 144)
(4, 145)
(4, 146)
(4, 147)
(4, 148)
(4, 149)
(4, 150)
(4, 151)
(4, 152)
(4, 153)
(4, 154)
(4, 155)
(4, 156)
(4, 157)
(4, 158)
(4, 159)
(4, 160)
(4, 161)
(4, 162)
(4, 163)
(4, 164)
(4, 165)
(4, 166)
(4, 167)
(4, 168)
(4, 169)
(4, 170)
(4, 171)
(4, 172)
(4, 173)
(4, 174)
(4, 175)
(4, 176)
(4, 177)
(4, 178)
(4, 179)
(4, 180)
(4, 181)
(4, 182)
(4, 183)
(4, 184)
(4, 185)
(4, 186)
(4, 187)
(4, 188)
(4, 189)
(4, 190)
(4, 191)
(4, 192)
(4, 193)
(4, 194)
(4, 195)
(5, 3)
(5, 4)
(5, 5)
(5, 6)
(5, 7)
(5, 8)
(5, 9)
(5, 10)
(5, 11)
(5, 12)
(5, 13)
(5, 14)
(5, 15)
(5, 16)
(5, 17)
(5, 18)
(5, 19)
(5, 20)
(5, 21)
(5, 22)
(5, 23)
(5, 24)
(5, 25)
(5, 26)
(5, 27)
(5, 28)
(5, 29)
(5, 30)
(5, 31)
(5, 32)
(5, 33)
(5, 34)
(5, 35)
(5, 36)
(5, 37)
(5, 38)
(5, 39)
(5, 40)
(5, 41)
(5, 42)
(5, 43)
(5, 44)
(5, 45)
(5, 46)
(5, 47)
(5, 48)
(5, 49)
(5, 50)
(5, 51)
(5, 52)
(5, 53)
(5, 54)
(5, 55)
(5, 56)
(5, 57)
(5, 58)
(5, 59)
(5, 60)
(5, 61)
(5, 62)
(5, 63)
(5, 64)
(5, 65)
(5, 66)
(5, 67)
(5, 68)
(5, 69)
(5, 70)
(5, 71)
(5, 72)
(5, 73)
(5, 74)
(5, 75)
(5, 76)
(5, 77)
(5, 78)
(5, 79)
(5, 80)
(5, 81)
(5, 82)
(5, 83)
(5, 84)
(5, 85)
(5, 86)
(5, 87)
(5, 88)
(5, 89)
(5, 90)
(5, 91)
(5, 92)
(5, 93)
(5, 94)
(5, 95)
(5, 96)
(5, 97)
(5, 98)
(5, 99)
(5, 100)
(5, 101)
(5, 102)
(5, 103)
(5, 104)
(5, 105)
(5, 106)
(5, 107)
(5, 108)
(5, 109)
(5, 110)
(5, 111)
(5, 112)
(5, 113)
(5, 114)
(5, 115)
(5, 116)
(5, 117)
(5, 118)
(5, 119)
(5, 120)
(5, 121)
(5, 122)
(5, 123)
(5, 124)
(5, 125)
(5, 126)
(5, 127)
(5, 128)
(5, 129)
(5, 130)
(5, 131)
(5, 132)
(5, 133)
(5, 134)
(5, 135)
(5, 136)
(5, 137)
(5, 138)
(5, 139)
(5, 140)
(5, 141)
(5, 142)
(5, 143)
(5, 144)
(5, 145)
(5, 146)
(5, 147)
(5, 148)
(5, 149)
(5, 150)
(5, 151)
(5, 152)
(5, 153)
(5, 154)
(5, 155)
(5, 156)
(5, 157)
(5, 158)
(5, 159)
(5, 160)
(5, 161)
(5, 162)
(5, 163)
(5, 164)
(5, 165)
(5, 166)
(5, 167)
(5, 168)
(5, 169)
(5, 170)
(5, 171)
(5, 172)
(5, 173)
(5, 174)
(5, 175)
(5, 176)
(5, 177)
(5, 178)
(5, 179)
(5, 180)
(5, 181)
(5, 182)
(5, 183)
(5, 184)
(5, 185)
(5, 186)
(5, 187)
(5, 188)
(5, 189)
(5, 190)
(5, 191)
(5, 192)
(5, 193)
(5, 194)
(5, 195)
(6, 3)
(6, 4)
(6, 5)
(6, 15)
(6, 16)
(6, 27)
(6, 28)
(6, 42)
(6, 43)
(6, 60)
(6, 61)
(6, 75)
(6, 76)
(6, 87)
(6, 88)
(6, 99)
(6, 100)
(6, 111)
(6, 112)
(6, 122)
(6, 123)
(6, 124)
(6, 134)
(6, 135)
(6, 146)
(6, 147)
(6, 158)
(6, 159)
(6, 170)
(6, 171)
(6, 182)
(6, 183)
(6, 194)
(6, 195)
(7, 3)
(7, 4)
(7, 5)
(7, 15)
(7, 16)
(7, 27)
(7, 28)
(7, 42)
(7, 43)
(7, 60)
(7, 61)
(7, 75)
(7, 76)
(7, 87)
(7, 88)
(7, 99)
(7, 100)
(7, 111)
(7, 112)
(7, 123)
(7, 124)
(7, 134)
(7, 135)
(7, 146)
(7, 147)
(7, 158)
(7, 159)
(7, 170)
(7, 171)
(7, 182)
(7, 183)
(7, 194)
(7, 195)
(8, 3)
(8, 4)
(8, 5)
(8, 15)
(8, 16)
(8, 27)
(8, 28)
(8, 42)
(8, 43)
(8, 60)
(8, 61)
(8, 75)
(8, 76)
(8, 87)
(8, 88)
(8, 99)
(8, 100)
(8, 111)
(8, 112)
(8, 123)
(8, 124)
(8, 134)
(8, 135)
(8, 146)
(8, 147)
(8, 158)
(8, 159)
(8, 170)
(8, 171)
(8, 182)
(8, 183)
(8, 194)
(8, 195)
(9, 3)
(9, 4)
(9, 5)
(9, 15)
(9, 16)
(9, 27)
(9, 28)
(9, 42)
(9, 43)
(9, 60)
(9, 61)
(9, 75)
(9, 76)
(9, 87)
(9, 88)
(9, 99)
(9, 100)
(9, 111)
(9, 112)
(9, 123)
(9, 124)
(9, 134)
(9, 135)
(9, 146)
(9, 147)
(9, 158)
(9, 159)
(9, 170)
(9, 171)
(9, 182)
(9, 183)
(9, 194)
(9, 195)
(10, 3)
(10, 4)
(10, 5)
(10, 15)
(10, 16)
(10, 27)
(10, 28)
(10, 42)
(10, 43)
(10, 60)
(10, 61)
(10, 75)
(10, 76)
(10, 87)
(10, 88)
(10, 99)
(10, 100)
(10, 111)
(10, 112)
(10, 123)
(10, 124)
(10, 134)
(10, 135)
(10, 146)
(10, 147)
(10, 158)
(10, 159)
(10, 170)
(10, 171)
(10, 182)
(10, 183)
(10, 194)
(10, 195)
(11, 3)
(11, 4)
(11, 5)
(11, 15)
(11, 16)
(11, 27)
(11, 28)
(11, 42)
(11, 43)
(11, 60)
(11, 61)
(11, 75)
(11, 76)
(11, 87)
(11, 88)
(11, 99)
(11, 100)
(11, 111)
(11, 112)
(11, 123)
(11, 124)
(11, 134)
(11, 135)
(11, 146)
(11, 147)
(11, 158)
(11, 159)
(11, 170)
(11, 171)
(11, 182)
(11, 183)
(11, 194)
(11, 195)
(12, 3)
(12, 4)
(12, 5)
(12, 15)
(12, 16)
(12, 27)
(12, 28)
(12, 42)
(12, 43)
(12, 60)
(12, 61)
(12, 75)
(12, 76)
(12, 87)
(12, 88)
(12, 99)
(12, 100)
(12, 111)
(12, 112)
(12, 123)
(12, 124)
(12, 134)
(12, 135)
(12, 146)
(12, 147)
(12, 158)
(12, 159)
(12, 170)
(12, 171)
(12, 182)
(12, 183)
(12, 194)
(12, 195)
(13, 3)
(13, 4)
(13, 5)
(13, 15)
(13, 16)
(13, 27)
(13, 28)
(13, 42)
(13, 43)
(13, 60)
(13, 61)
(13, 75)
(13, 76)
(13, 87)
(13, 88)
(13, 99)
(13, 100)
(13, 111)
(13, 112)
(13, 123)
(13, 124)
(13, 134)
(13, 135)
(13, 146)
(13, 147)
(13, 158)
(13, 159)
(13, 170)
(13, 171)
(13, 182)
(13, 183)
(13, 194)
(13, 195)
(14, 3)
(14, 4)
(14, 5)
(14, 15)
(14, 16)
(14, 27)
(14, 28)
(14, 42)
(14, 43)
(14, 60)
(14, 61)
(14, 75)
(14, 76)
(14, 87)
(14, 88)
(14, 99)
(14, 100)
(14, 111)
(14, 112)
(14, 123)
(14, 124)
(14, 134)
(14, 135)
(14, 146)
(14, 147)
(14, 158)
(14, 159)
(14, 170)
(14, 171)
(14, 182)
(14, 183)
(14, 194)
(14, 195)
(15, 3)
(15, 4)
(15, 5)
(15, 15)
(15, 16)
(15, 27)
(15, 28)
(15, 42)
(15, 43)
(15, 60)
(15, 61)
(15, 75)
(15, 76)
(15, 87)
(15, 88)
(15, 99)
(15, 100)
(15, 111)
(15, 112)
(15, 123)
(15, 124)
(15, 134)
(15, 135)
(15, 146)
(15, 147)
(15, 158)
(15, 159)
(15, 170)
(15, 171)
(15, 182)
(15, 183)
(15, 194)
(15, 195)
(16, 3)
(16, 4)
(16, 5)
(16, 15)
(16, 16)
(16, 27)
(16, 28)
(16, 42)
(16, 43)
(16, 60)
(16, 61)
(16, 75)
(16, 76)
(16, 87)
(16, 88)
(16, 99)
(16, 100)
(16, 111)
(16, 112)
(16, 123)
(16, 124)
(16, 134)
(16, 135)
(16, 146)
(16, 147)
(16, 158)
(16, 159)
(16, 170)
(16, 171)
(16, 182)
(16, 183)
(16, 194)
(16, 195)
(17, 3)
(17, 4)
(17, 5)
(17, 15)
(17, 16)
(17, 27)
(17, 28)
(17, 42)
(17, 43)
(17, 60)
(17, 61)
(17, 75)
(17, 76)
(17, 77)
(17, 78)
(17, 79)
(17, 80)
(17, 81)
(17, 82)
(17, 85)
(17, 86)
(17, 87)
(17, 88)
(17, 89)
(17, 90)
(17, 93)
(17, 94)
(17, 95)
(17, 96)
(17, 97)
(17, 98)
(17, 99)
(17, 100)
(17, 101)
(17, 102)
(17, 103)
(17, 104)
(17, 105)
(17, 109)
(17, 110)
(17, 111)
(17, 112)
(17, 113)
(17, 114)
(17, 117)
(17, 118)
(17, 119)
(17, 120)
(17, 121)
(17, 122)
(17, 123)
(17, 124)
(17, 134)
(17, 135)
(17, 146)
(17, 147)
(17, 158)
(17, 159)
(17, 170)
(17, 171)
(17, 182)
(17, 183)
(17, 194)
(17, 195)
(18, 3)
(18, 4)
(18, 5)
(18, 15)
(18, 16)
(18, 27)
(18, 28)
(18, 42)
(18, 43)
(18, 60)
(18, 61)
(18, 75)
(18, 76)
(18, 77)
(18, 78)
(18, 79)
(18, 80)
(18, 81)
(18, 82)
(18, 85)
(18, 86)
(18, 87)
(18, 88)
(18, 89)
(18, 90)
(18, 93)
(18, 94)
(18, 95)
(18, 96)
(18, 97)
(18, 98)
(18, 99)
(18, 100)
(18, 101)
(18, 102)
(18, 103)
(18, 104)
(18, 105)
(18, 109)
(18, 110)
(18, 111)
(18, 112)
(18, 113)
(18, 114)
(18, 117)
(18, 118)
(18, 119)
(18, 120)
(18, 121)
(18, 122)
(18, 123)
(18, 124)
(18, 134)
(18, 135)
(18, 146)
(18, 147)
(18, 158)
(18, 159)
(18, 170)
(18, 171)
(18, 182)
(18, 183)
(18, 194)
(18, 195)
(19, 3)
(19, 4)
(19, 5)
(19, 15)
(19, 16)
(19, 27)
(19, 28)
(19, 42)
(19, 43)
(19, 60)
(19, 61)
(19, 75)
(19, 76)
(19, 123)
(19, 124)
(19, 134)
(19, 135)
(19, 146)
(19, 147)
(19, 158)
(19, 159)
(19, 170)
(19, 171)
(19, 182)
(19, 183)
(19, 194)
(19, 195)
(20, 3)
(20, 4)
(20, 5)
(20, 15)
(20, 16)
(20, 27)
(20, 28)
(20, 42)
(20, 43)
(20, 60)
(20, 61)
(20, 75)
(20, 76)
(20, 123)
(20, 124)
(20, 134)
(20, 135)
(20, 146)
(20, 147)
(20, 158)
(20, 159)
(20, 170)
(20, 171)
(20, 182)
(20, 183)
(20, 194)
(20, 195)
(21, 3)
(21, 4)
(21, 5)
(21, 15)
(21, 16)
(21, 27)
(21, 28)
(21, 42)
(21, 43)
(21, 60)
(21, 61)
(21, 75)
(21, 76)
(21, 123)
(21, 124)
(21, 134)
(21, 135)
(21, 146)
(21, 147)
(21, 158)
(21, 159)
(21, 170)
(21, 171)
(21, 182)
(21, 183)
(21, 194)
(21, 195)
(22, 3)
(22, 4)
(22, 5)
(22, 15)
(22, 16)
(22, 28)
(22, 42)
(22, 43)
(22, 60)
(22, 61)
(22, 75)
(22, 76)
(22, 123)
(22, 124)
(22, 134)
(22, 135)
(22, 146)
(22, 147)
(22, 158)
(22, 159)
(22, 170)
(22, 171)
(22, 182)
(22, 183)
(22, 194)
(22, 195)
(23, 3)
(23, 4)
(23, 5)
(23, 15)
(23, 16)
(23, 17)
(23, 18)
(23, 19)
(23, 20)
(23, 21)
(23, 22)
(23, 25)
(23, 26)
(23, 27)
(23, 28)
(23, 29)
(23, 42)
(23, 43)
(23, 60)
(23, 61)
(23, 75)
(23, 76)
(23, 123)
(23, 124)
(23, 134)
(23, 135)
(23, 146)
(23, 147)
(23, 158)
(23, 159)
(23, 170)
(23, 171)
(23, 172)
(23, 173)
(23, 176)
(23, 177)
(23, 178)
(23, 179)
(23, 180)
(23, 181)
(23, 182)
(23, 183)
(23, 194)
(23, 195)
(24, 3)
(24, 4)
(24, 5)
(24, 15)
(24, 16)
(24, 17)
(24, 18)
(24, 19)
(24, 20)
(24, 21)
(24, 22)
(24, 26)
(24, 27)
(24, 28)
(24, 29)
(24, 42)
(24, 43)
(24, 60)
(24, 61)
(24, 75)
(24, 76)
(24, 87)
(24, 88)
(24, 89)
(24, 90)
(24, 93)
(24, 94)
(24, 95)
(24, 96)
(24, 97)
(24, 98)
(24, 99)
(24, 100)
(24, 123)
(24, 124)
(24, 134)
(24, 135)
(24, 146)
(24, 147)
(24, 158)
(24, 159)
(24, 170)
(24, 171)
(24, 172)
(24, 173)
(24, 176)
(24, 177)
(24, 178)
(24, 179)
(24, 180)
(24, 181)
(24, 182)
(24, 183)
(24, 194)
(24, 195)
(25, 3)
(25, 4)
(25, 5)
(25, 28)
(25, 29)
(25, 42)
(25, 43)
(25, 60)
(25, 61)
(25, 75)
(25, 76)
(25, 87)
(25, 88)
(25, 89)
(25, 90)
(25, 93)
(25, 94)
(25, 95)
(25, 96)
(25, 97)
(25, 98)
(25, 99)
(25, 100)
(25, 123)
(25, 124)
(25, 134)
(25, 135)
(25, 146)
(25, 147)
(25, 158)
(25, 159)
(25, 170)
(25, 171)
(25, 194)
(25, 195)
(26, 3)
(26, 4)
(26, 27)
(26, 28)
(26, 42)
(26, 43)
(26, 60)
(26, 61)
(26, 75)
(26, 76)
(26, 87)
(26, 88)
(26, 99)
(26, 100)
(26, 123)
(26, 124)
(26, 134)
(26, 135)
(26, 146)
(26, 147)
(26, 158)
(26, 159)
(26, 170)
(26, 171)
(26, 194)
(26, 195)
(27, 3)
(27, 4)
(27, 5)
(27, 6)
(27, 7)
(27, 8)
(27, 9)
(27, 10)
(27, 11)
(27, 12)
(27, 13)
(27, 14)
(27, 15)
(27, 16)
(27, 17)
(27, 18)
(27, 19)
(27, 27)
(27, 28)
(27, 29)
(27, 30)
(27, 31)
(27, 32)
(27, 33)
(27, 34)
(27, 35)
(27, 36)
(27, 37)
(27, 40)
(27, 41)
(27, 42)
(27, 43)
(27, 44)
(27, 45)
(27, 46)
(27, 47)
(27, 48)
(27, 49)
(27, 50)
(27, 51)
(27, 52)
(27, 53)
(27, 54)
(27, 55)
(27, 59)
(27, 60)
(27, 61)
(27, 62)
(27, 63)
(27, 66)
(27, 67)
(27, 68)
(27, 69)
(27, 70)
(27, 71)
(27, 72)
(27, 73)
(27, 74)
(27, 75)
(27, 76)
(27, 87)
(27, 88)
(27, 99)
(27, 100)
(27, 123)
(27, 124)
(27, 125)
(27, 126)
(27, 127)
(27, 128)
(27, 129)
(27, 132)
(27, 133)
(27, 134)
(27, 135)
(27, 136)
(27, 137)
(27, 138)
(27, 140)
(27, 141)
(27, 142)
(27, 143)
(27, 144)
(27, 145)
(27, 146)
(27, 147)
(27, 148)
(27, 149)
(27, 150)
(27, 151)
(27, 152)
(27, 153)
(27, 156)
(27, 157)
(27, 158)
(27, 159)
(27, 160)
(27, 161)
(27, 164)
(27, 165)
(27, 166)
(27, 167)
(27, 168)
(27, 169)
(27, 170)
(27, 171)
(27, 180)
(27, 181)
(27, 182)
(27, 183)
(27, 184)
(27, 185)
(27, 186)
(27, 187)
(27, 188)
(27, 189)
(27, 190)
(27, 191)
(27, 192)
(27, 193)
(27, 194)
(27, 195)
(28, 3)
(28, 4)
(28, 5)
(28, 6)
(28, 7)
(28, 8)
(28, 9)
(28, 10)
(28, 11)
(28, 12)
(28, 13)
(28, 14)
(28, 15)
(28, 16)
(28, 17)
(28, 18)
(28, 19)
(28, 28)
(28, 29)
(28, 30)
(28, 31)
(28, 32)
(28, 33)
(28, 34)
(28, 35)
(28, 36)
(28, 37)
(28, 40)
(28, 41)
(28, 42)
(28, 43)
(28, 44)
(28, 45)
(28, 46)
(28, 47)
(28, 48)
(28, 49)
(28, 50)
(28, 51)
(28, 52)
(28, 53)
(28, 54)
(28, 55)
(28, 59)
(28, 60)
(28, 61)
(28, 62)
(28, 63)
(28, 66)
(28, 67)
(28, 68)
(28, 69)
(28, 70)
(28, 71)
(28, 72)
(28, 73)
(28, 74)
(28, 75)
(28, 76)
(28, 87)
(28, 88)
(28, 99)
(28, 100)
(28, 123)
(28, 124)
(28, 125)
(28, 126)
(28, 127)
(28, 128)
(28, 129)
(28, 132)
(28, 133)
(28, 134)
(28, 135)
(28, 136)
(28, 137)
(28, 138)
(28, 140)
(28, 141)
(28, 142)
(28, 143)
(28, 144)
(28, 145)
(28, 146)
(28, 147)
(28, 148)
(28, 149)
(28, 150)
(28, 151)
(28, 152)
(28, 153)
(28, 156)
(28, 157)
(28, 158)
(28, 159)
(28, 160)
(28, 161)
(28, 164)
(28, 165)
(28, 166)
(28, 167)
(28, 168)
(28, 169)
(28, 170)
(28, 171)
(28, 180)
(28, 181)
(28, 182)
(28, 183)
(28, 184)
(28, 185)
(28, 186)
(28, 187)
(28, 188)
(28, 189)
(28, 190)
(28, 191)
(28, 192)
(28, 193)
(28, 194)
(28, 195)
(29, 3)
(29, 4)
(29, 18)
(29, 19)
(29, 51)
(29, 52)
(29, 87)
(29, 88)
(29, 99)
(29, 100)
(29, 180)
(29, 181)
(29, 194)
(29, 195)
(30, 3)
(30, 4)
(30, 5)
(30, 18)
(30, 19)
(30, 51)
(30, 52)
(30, 87)
(30, 88)
(30, 99)
(30, 100)
(30, 180)
(30, 181)
(30, 194)
(30, 195)
(31, 3)
(31, 4)
(31, 5)
(31, 18)
(31, 19)
(31, 87)
(31, 88)
(31, 99)
(31, 100)
(31, 180)
(31, 181)
(31, 194)
(31, 195)
(32, 3)
(32, 4)
(32, 5)
(32, 18)
(32, 19)
(32, 87)
(32, 88)
(32, 99)
(32, 100)
(32, 180)
(32, 181)
(32, 194)
(32, 195)
(33, 3)
(33, 4)
(33, 5)
(33, 18)
(33, 19)
(33, 51)
(33, 52)
(33, 87)
(33, 88)
(33, 99)
(33, 100)
(33, 146)
(33, 147)
(33, 148)
(33, 149)
(33, 150)
(33, 151)
(33, 152)
(33, 153)
(33, 154)
(33, 155)
(33, 156)
(33, 157)
(33, 158)
(33, 159)
(33, 160)
(33, 161)
(33, 162)
(33, 163)
(33, 164)
(33, 165)
(33, 180)
(33, 181)
(33, 194)
(33, 195)
(34, 3)
(34, 4)
(34, 5)
(34, 18)
(34, 19)
(34, 51)
(34, 52)
(34, 87)
(34, 88)
(34, 99)
(34, 100)
(34, 146)
(34, 147)
(34, 148)
(34, 149)
(34, 150)
(34, 151)
(34, 152)
(34, 153)
(34, 154)
(34, 155)
(34, 156)
(34, 157)
(34, 158)
(34, 159)
(34, 160)
(34, 161)
(34, 162)
(34, 163)
(34, 164)
(34, 165)
(34, 180)
(34, 181)
(34, 194)
(34, 195)
(35, 3)
(35, 4)
(35, 5)
(35, 51)
(35, 52)
(35, 87)
(35, 88)
(35, 99)
(35, 100)
(35, 146)
(35, 147)
(35, 164)
(35, 165)
(35, 180)
(35, 181)
(35, 194)
(35, 195)
(36, 4)
(36, 5)
(36, 51)
(36, 52)
(36, 87)
(36, 88)
(36, 99)
(36, 100)
(36, 146)
(36, 147)
(36, 164)
(36, 165)
(36, 180)
(36, 181)
(36, 194)
(36, 195)
(37, 4)
(37, 5)
(37, 18)
(37, 19)
(37, 51)
(37, 52)
(37, 53)
(37, 54)
(37, 55)
(37, 56)
(37, 57)
(37, 58)
(37, 61)
(37, 62)
(37, 63)
(37, 64)
(37, 65)
(37, 66)
(37, 67)
(37, 68)
(37, 69)
(37, 70)
(37, 73)
(37, 74)
(37, 75)
(37, 76)
(37, 77)
(37, 78)
(37, 81)
(37, 82)
(37, 83)
(37, 84)
(37, 85)
(37, 86)
(37, 87)
(37, 88)
(37, 99)
(37, 100)
(37, 111)
(37, 112)
(37, 113)
(37, 114)
(37, 115)
(37, 116)
(37, 117)
(37, 120)
(37, 121)
(37, 122)
(37, 123)
(37, 124)
(37, 125)
(37, 126)
(37, 129)
(37, 130)
(37, 131)
(37, 132)
(37, 133)
(37, 134)
(37, 135)
(37, 136)
(37, 137)
(37, 141)
(37, 142)
(37, 143)
(37, 144)
(37, 145)
(37, 146)
(37, 147)
(37, 180)
(37, 181)
(37, 194)
(37, 195)
(38, 4)
(38, 18)
(38, 19)
(38, 51)
(38, 52)
(38, 53)
(38, 54)
(38, 55)
(38, 56)
(38, 57)
(38, 58)
(38, 61)
(38, 62)
(38, 63)
(38, 64)
(38, 65)
(38, 66)
(38, 67)
(38, 68)
(38, 69)
(38, 70)
(38, 73)
(38, 74)
(38, 75)
(38, 76)
(38, 77)
(38, 78)
(38, 81)
(38, 82)
(38, 83)
(38, 84)
(38, 85)
(38, 86)
(38, 87)
(38, 88)
(38, 99)
(38, 100)
(38, 111)
(38, 112)
(38, 113)
(38, 114)
(38, 115)
(38, 116)
(38, 117)
(38, 120)
(38, 121)
(38, 122)
(38, 123)
(38, 124)
(38, 125)
(38, 126)
(38, 129)
(38, 130)
(38, 131)
(38, 132)
(38, 133)
(38, 134)
(38, 135)
(38, 136)
(38, 137)
(38, 141)
(38, 142)
(38, 143)
(38, 144)
(38, 145)
(38, 146)
(38, 147)
(38, 180)
(38, 181)
(38, 194)
(38, 195)
(39, 4)
(39, 5)
(39, 6)
(39, 7)
(39, 8)
(39, 9)
(39, 10)
(39, 11)
(39, 12)
(39, 13)
(39, 14)
(39, 15)
(39, 16)
(39, 17)
(39, 18)
(39, 19)
(39, 51)
(39, 52)
(39, 63)
(39, 64)
(39, 75)
(39, 76)
(39, 87)
(39, 88)
(39, 99)
(39, 100)
(39, 111)
(39, 112)
(39, 123)
(39, 134)
(39, 135)
(39, 146)
(39, 147)
(39, 148)
(39, 149)
(39, 150)
(39, 151)
(39, 152)
(39, 153)
(39, 154)
(39, 155)
(39, 156)
(39, 157)
(39, 158)
(39, 159)
(39, 160)
(39, 161)
(39, 162)
(39, 163)
(39, 164)
(39, 165)
(39, 180)
(39, 181)
(39, 182)
(39, 183)
(39, 184)
(39, 185)
(39, 186)
(39, 187)
(39, 188)
(39, 189)
(39, 190)
(39, 191)
(39, 192)
(39, 193)
(39, 194)
(39, 195)
(40, 4)
(40, 5)
(40, 6)
(40, 7)
(40, 8)
(40, 9)
(40, 10)
(40, 11)
(40, 12)
(40, 13)
(40, 14)
(40, 15)
(40, 16)
(40, 17)
(40, 18)
(40, 19)
(40, 51)
(40, 52)
(40, 63)
(40, 64)
(40, 75)
(40, 76)
(40, 87)
(40, 88)
(40, 99)
(40, 100)
(40, 111)
(40, 112)
(40, 122)
(40, 123)
(40, 124)
(40, 134)
(40, 135)
(40, 146)
(40, 147)
(40, 148)
(40, 149)
(40, 150)
(40, 151)
(40, 152)
(40, 153)
(40, 154)
(40, 155)
(40, 156)
(40, 157)
(40, 158)
(40, 159)
(40, 160)
(40, 161)
(40, 162)
(40, 163)
(40, 164)
(40, 165)
(40, 180)
(40, 181)
(40, 182)
(40, 183)
(40, 184)
(40, 185)
(40, 186)
(40, 187)
(40, 188)
(40, 189)
(40, 190)
(40, 191)
(40, 192)
(40, 193)
(40, 194)
(40, 195)
(41, 4)
(41, 18)
(41, 19)
(41, 51)
(41, 52)
(41, 63)
(41, 64)
(41, 75)
(41, 76)
(41, 87)
(41, 88)
(41, 99)
(41, 100)
(41, 111)
(41, 112)
(41, 122)
(41, 123)
(41, 124)
(41, 134)
(41, 135)
(41, 146)
(41, 147)
(41, 164)
(41, 165)
(41, 180)
(41, 181)
(41, 194)
(41, 195)
(42, 4)
(42, 5)
(42, 18)
(42, 19)
(42, 51)
(42, 52)
(42, 63)
(42, 64)
(42, 75)
(42, 76)
(42, 87)
(42, 88)
(42, 99)
(42, 100)
(42, 111)
(42, 112)
(42, 122)
(42, 123)
(42, 124)
(42, 134)
(42, 135)
(42, 146)
(42, 147)
(42, 164)
(42, 165)
(42, 180)
(42, 181)
(42, 194)
(42, 195)
(43, 4)
(43, 5)
(43, 51)
(43, 52)
(43, 63)
(43, 64)
(43, 75)
(43, 76)
(43, 87)
(43, 88)
(43, 99)
(43, 100)
(43, 111)
(43, 112)
(43, 122)
(43, 123)
(43, 124)
(43, 134)
(43, 135)
(43, 146)
(43, 147)
(43, 164)
(43, 194)
(43, 195)
(44, 4)
(44, 5)
(44, 51)
(44, 52)
(44, 63)
(44, 64)
(44, 75)
(44, 76)
(44, 87)
(44, 88)
(44, 99)
(44, 100)
(44, 111)
(44, 112)
(44, 122)
(44, 123)
(44, 124)
(44, 134)
(44, 135)
(44, 146)
(44, 147)
(44, 194)
(44, 195)
(45, 4)
(45, 5)
(45, 18)
(45, 19)
(45, 51)
(45, 52)
(45, 63)
(45, 64)
(45, 75)
(45, 76)
(45, 87)
(45, 88)
(45, 99)
(45, 100)
(45, 111)
(45, 112)
(45, 122)
(45, 123)
(45, 124)
(45, 134)
(45, 135)
(45, 146)
(45, 147)
(45, 180)
(45, 181)
(45, 194)
(45, 195)
(46, 4)
(46, 5)
(46, 18)
(46, 19)
(46, 51)
(46, 52)
(46, 63)
(46, 64)
(46, 75)
(46, 76)
(46, 87)
(46, 88)
(46, 99)
(46, 100)
(46, 111)
(46, 112)
(46, 122)
(46, 123)
(46, 124)
(46, 134)
(46, 135)
(46, 146)
(46, 147)
(46, 180)
(46, 181)
(46, 194)
(46, 195)
(47, 4)
(47, 5)
(47, 18)
(47, 19)
(47, 51)
(47, 52)
(47, 63)
(47, 64)
(47, 75)
(47, 76)
(47, 87)
(47, 88)
(47, 98)
(47, 99)
(47, 100)
(47, 111)
(47, 112)
(47, 122)
(47, 123)
(47, 124)
(47, 134)
(47, 135)
(47, 146)
(47, 147)
(47, 180)
(47, 181)
(47, 194)
(47, 195)
(48, 4)
(48, 5)
(48, 18)
(48, 19)
(48, 51)
(48, 52)
(48, 63)
(48, 64)
(48, 75)
(48, 76)
(48, 87)
(48, 88)
(48, 98)
(48, 99)
(48, 100)
(48, 111)
(48, 112)
(48, 122)
(48, 123)
(48, 124)
(48, 134)
(48, 135)
(48, 146)
(48, 147)
(48, 164)
(48, 165)
(48, 180)
(48, 181)
(48, 194)
(48, 195)
(49, 4)
(49, 18)
(49, 19)
(49, 51)
(49, 52)
(49, 63)
(49, 64)
(49, 75)
(49, 76)
(49, 87)
(49, 88)
(49, 98)
(49, 99)
(49, 100)
(49, 111)
(49, 112)
(49, 122)
(49, 123)
(49, 124)
(49, 134)
(49, 135)
(49, 146)
(49, 147)
(49, 164)
(49, 165)
(49, 180)
(49, 181)
(49, 194)
(49, 195)
(50, 4)
(50, 5)
(50, 6)
(50, 7)
(50, 8)
(50, 9)
(50, 10)
(50, 11)
(50, 12)
(50, 13)
(50, 14)
(50, 15)
(50, 16)
(50, 17)
(50, 18)
(50, 19)
(50, 51)
(50, 52)
(50, 63)
(50, 64)
(50, 75)
(50, 76)
(50, 87)
(50, 88)
(50, 99)
(50, 111)
(50, 112)
(50, 123)
(50, 134)
(50, 135)
(50, 146)
(50, 147)
(50, 164)
(50, 165)
(50, 180)
(50, 181)
(50, 194)
(50, 195)
(51, 4)
(51, 5)
(51, 6)
(51, 7)
(51, 8)
(51, 9)
(51, 10)
(51, 11)
(51, 12)
(51, 13)
(51, 14)
(51, 15)
(51, 16)
(51, 17)
(51, 18)
(51, 19)
(51, 20)
(51, 21)
(51, 22)
(51, 23)
(51, 24)
(51, 25)
(51, 26)
(51, 27)
(51, 28)
(51, 29)
(51, 30)
(51, 31)
(51, 34)
(51, 35)
(51, 36)
(51, 37)
(51, 38)
(51, 39)
(51, 40)
(51, 41)
(51, 42)
(51, 43)
(51, 44)
(51, 45)
(51, 46)
(51, 47)
(51, 48)
(51, 49)
(51, 50)
(51, 51)
(51, 52)
(51, 53)
(51, 54)
(51, 55)
(51, 56)
(51, 57)
(51, 58)
(51, 59)
(51, 60)
(51, 61)
(51, 62)
(51, 63)
(51, 64)
(51, 65)
(51, 66)
(51, 67)
(51, 68)
(51, 69)
(51, 70)
(51, 71)
(51, 72)
(51, 73)
(51, 74)
(51, 75)
(51, 76)
(51, 77)
(51, 78)
(51, 79)
(51, 80)
(51, 81)
(51, 82)
(51, 83)
(51, 84)
(51, 85)
(51, 86)
(51, 87)
(51, 88)
(51, 89)
(51, 90)
(51, 91)
(51, 92)
(51, 93)
(51, 94)
(51, 95)
(51, 96)
(51, 97)
(51, 98)
(51, 99)
(51, 100)
(51, 101)
(51, 102)
(51, 103)
(51, 104)
(51, 105)
(51, 106)
(51, 107)
(51, 108)
(51, 109)
(51, 110)
(51, 111)
(51, 112)
(51, 113)
(51, 114)
(51, 115)
(51, 116)
(51, 117)
(51, 118)
(51, 119)
(51, 120)
(51, 121)
(51, 122)
(51, 123)
(51, 124)
(51, 125)
(51, 126)
(51, 127)
(51, 128)
(51, 129)
(51, 130)
(51, 131)
(51, 132)
(51, 133)
(51, 134)
(51, 135)
(51, 136)
(51, 137)
(51, 138)
(51, 139)
(51, 140)
(51, 141)
(51, 142)
(51, 143)
(51, 144)
(51, 145)
(51, 146)
(51, 147)
(51, 148)
(51, 149)
(51, 150)
(51, 151)
(51, 152)
(51, 153)
(51, 154)
(51, 155)
(51, 156)
(51, 157)
(51, 158)
(51, 159)
(51, 160)
(51, 161)
(51, 162)
(51, 163)
(51, 164)
(51, 165)
(51, 170)
(51, 171)
(51, 172)
(51, 173)
(51, 174)
(51, 175)
(51, 176)
(51, 177)
(51, 178)
(51, 179)
(51, 180)
(51, 181)
(51, 182)
(51, 183)
(51, 184)
(51, 185)
(51, 186)
(51, 187)
(51, 188)
(51, 189)
(51, 190)
(51, 191)
(51, 192)
(51, 193)
(51, 194)
(51, 195)
(52, 4)
(52, 5)
(52, 6)
(52, 7)
(52, 8)
(52, 9)
(52, 10)
(52, 11)
(52, 12)
(52, 13)
(52, 14)
(52, 15)
(52, 16)
(52, 17)
(52, 18)
(52, 19)
(52, 20)
(52, 21)
(52, 22)
(52, 23)
(52, 24)
(52, 25)
(52, 26)
(52, 27)
(52, 28)
(52, 29)
(52, 30)
(52, 31)
(52, 33)
(52, 34)
(52, 35)
(52, 36)
(52, 37)
(52, 38)
(52, 39)
(52, 40)
(52, 41)
(52, 42)
(52, 43)
(52, 44)
(52, 45)
(52, 46)
(52, 47)
(52, 48)
(52, 49)
(52, 50)
(52, 51)
(52, 52)
(52, 53)
(52, 54)
(52, 55)
(52, 56)
(52, 57)
(52, 58)
(52, 59)
(52, 60)
(52, 61)
(52, 62)
(52, 63)
(52, 64)
(52, 65)
(52, 66)
(52, 67)
(52, 68)
(52, 69)
(52, 70)
(52, 71)
(52, 72)
(52, 73)
(52, 74)
(52, 75)
(52, 76)
(52, 77)
(52, 78)
(52, 79)
(52, 80)
(52, 81)
(52, 82)
(52, 83)
(52, 84)
(52, 85)
(52, 86)
(52, 87)
(52, 88)
(52, 89)
(52, 90)
(52, 91)
(52, 92)
(52, 93)
(52, 94)
(52, 95)
(52, 96)
(52, 97)
(52, 98)
(52, 99)
(52, 100)
(52, 101)
(52, 102)
(52, 103)
(52, 104)
(52, 105)
(52, 106)
(52, 107)
(52, 108)
(52, 109)
(52, 110)
(52, 111)
(52, 112)
(52, 113)
(52, 114)
(52, 115)
(52, 116)
(52, 117)
(52, 118)
(52, 119)
(52, 120)
(52, 121)
(52, 122)
(52, 123)
(52, 124)
(52, 125)
(52, 126)
(52, 127)
(52, 128)
(52, 129)
(52, 130)
(52, 131)
(52, 132)
(52, 133)
(52, 134)
(52, 135)
(52, 136)
(52, 137)
(52, 138)
(52, 139)
(52, 140)
(52, 141)
(52, 142)
(52, 143)
(52, 144)
(52, 145)
(52, 146)
(52, 147)
(52, 148)
(52, 149)
(52, 150)
(52, 151)
(52, 152)
(52, 153)
(52, 154)
(52, 155)
(52, 156)
(52, 157)
(52, 158)
(52, 159)
(52, 160)
(52, 161)
(52, 162)
(52, 163)
(52, 164)
(52, 165)
(52, 170)
(52, 171)
(52, 172)
(52, 173)
(52, 174)
(52, 175)
(52, 176)
(52, 177)
(52, 178)
(52, 179)
(52, 180)
(52, 181)
(52, 182)
(52, 183)
(52, 184)
(52, 185)
(52, 186)
(52, 187)
(52, 188)
(52, 189)
(52, 190)
(52, 191)
(52, 192)
(52, 193)
(52, 194)
(52, 195)
(53, 4)
(53, 16)
(53, 17)
(53, 26)
(53, 27)
(53, 33)
(53, 34)
(53, 146)
(53, 147)
(53, 164)
(53, 165)
(53, 170)
(53, 171)
(53, 194)
(53, 195)
(54, 4)
(54, 5)
(54, 16)
(54, 17)
(54, 26)
(54, 27)
(54, 33)
(54, 34)
(54, 146)
(54, 147)
(54, 164)
(54, 165)
(54, 170)
(54, 171)
(54, 194)
(54, 195)
(55, 4)
(55, 5)
(55, 16)
(55, 17)
(55, 33)
(55, 34)
(55, 146)
(55, 147)
(55, 164)
(55, 165)
(55, 194)
(55, 195)
(56, 4)
(56, 5)
(56, 16)
(56, 17)
(56, 33)
(56, 34)
(56, 146)
(56, 147)
(56, 164)
(56, 165)
(56, 194)
(56, 195)
(57, 4)
(57, 5)
(57, 16)
(57, 17)
(57, 33)
(57, 34)
(57, 146)
(57, 147)
(57, 164)
(57, 165)
(57, 170)
(57, 171)
(57, 194)
(57, 195)
(58, 4)
(58, 5)
(58, 16)
(58, 17)
(58, 33)
(58, 34)
(58, 146)
(58, 147)
(58, 164)
(58, 165)
(58, 170)
(58, 171)
(58, 194)
(58, 195)
(59, 4)
(59, 5)
(59, 16)
(59, 17)
(59, 33)
(59, 34)
(59, 35)
(59, 146)
(59, 147)
(59, 164)
(59, 165)
(59, 170)
(59, 171)
(59, 194)
(59, 195)
(60, 4)
(60, 5)
(60, 16)
(60, 17)
(60, 34)
(60, 146)
(60, 147)
(60, 164)
(60, 165)
(60, 170)
(60, 171)
(60, 194)
(60, 195)
(61, 4)
(61, 5)
(61, 16)
(61, 17)
(61, 146)
(61, 147)
(61, 164)
(61, 165)
(61, 170)
(61, 171)
(61, 194)
(61, 195)
(62, 4)
(62, 5)
(62, 16)
(62, 17)
(62, 146)
(62, 147)
(62, 164)
(62, 165)
(62, 170)
(62, 171)
(62, 194)
(62, 195)
(63, 4)
(63, 5)
(63, 16)
(63, 17)
(63, 34)
(63, 146)
(63, 147)
(63, 164)
(63, 165)
(63, 169)
(63, 170)
(63, 171)
(63, 172)
(63, 173)
(63, 174)
(63, 175)
(63, 176)
(63, 177)
(63, 178)
(63, 179)
(63, 180)
(63, 181)
(63, 182)
(63, 183)
(63, 184)
(63, 185)
(63, 186)
(63, 187)
(63, 188)
(63, 189)
(63, 190)
(63, 191)
(63, 192)
(63, 193)
(63, 194)
(63, 195)
(64, 4)
(64, 5)
(64, 16)
(64, 17)
(64, 33)
(64, 34)
(64, 146)
(64, 147)
(64, 164)
(64, 165)
(64, 169)
(64, 170)
(64, 171)
(64, 172)
(64, 173)
(64, 174)
(64, 175)
(64, 176)
(64, 177)
(64, 178)
(64, 179)
(64, 180)
(64, 181)
(64, 182)
(64, 183)
(64, 184)
(64, 185)
(64, 186)
(64, 187)
(64, 188)
(64, 189)
(64, 190)
(64, 191)
(64, 192)
(64, 193)
(64, 194)
(64, 195)
(65, 4)
(65, 5)
(65, 16)
(65, 17)
(65, 33)
(65, 34)
(65, 35)
(65, 36)
(65, 37)
(65, 38)
(65, 39)
(65, 40)
(65, 41)
(65, 42)
(65, 43)
(65, 146)
(65, 147)
(65, 164)
(65, 165)
(65, 170)
(65, 171)
(65, 194)
(65, 195)
(66, 4)
(66, 5)
(66, 16)
(66, 17)
(66, 26)
(66, 27)
(66, 34)
(66, 35)
(66, 36)
(66, 37)
(66, 38)
(66, 39)
(66, 40)
(66, 41)
(66, 42)
(66, 43)
(66, 146)
(66, 147)
(66, 164)
(66, 165)
(66, 170)
(66, 171)
(66, 194)
(66, 195)
(67, 4)
(67, 5)
(67, 16)
(67, 17)
(67, 26)
(67, 27)
(67, 34)
(67, 35)
(67, 41)
(67, 42)
(67, 43)
(67, 146)
(67, 147)
(67, 164)
(67, 165)
(67, 170)
(67, 171)
(67, 194)
(67, 195)
(68, 4)
(68, 5)
(68, 16)
(68, 17)
(68, 18)
(68, 19)
(68, 20)
(68, 21)
(68, 22)
(68, 23)
(68, 24)
(68, 25)
(68, 26)
(68, 27)
(68, 34)
(68, 35)
(68, 41)
(68, 42)
(68, 43)
(68, 146)
(68, 147)
(68, 164)
(68, 165)
(68, 170)
(68, 171)
(68, 194)
(68, 195)
(69, 4)
(69, 5)
(69, 16)
(69, 17)
(69, 18)
(69, 19)
(69, 20)
(69, 21)
(69, 22)
(69, 23)
(69, 24)
(69, 25)
(69, 26)
(69, 27)
(69, 41)
(69, 42)
(69, 43)
(69, 146)
(69, 147)
(69, 164)
(69, 165)
(69, 170)
(69, 171)
(69, 194)
(69, 195)
(70, 4)
(70, 5)
(70, 42)
(70, 43)
(70, 146)
(70, 147)
(70, 194)
(70, 195)
(71, 4)
(71, 5)
(71, 42)
(71, 43)
(71, 146)
(71, 147)
(71, 194)
(71, 195)
(72, 4)
(72, 5)
(72, 34)
(72, 35)
(72, 42)
(72, 43)
(72, 146)
(72, 147)
(72, 164)
(72, 165)
(72, 170)
(72, 171)
(72, 194)
(72, 195)
(73, 4)
(73, 5)
(73, 34)
(73, 35)
(73, 42)
(73, 43)
(73, 146)
(73, 147)
(73, 164)
(73, 165)
(73, 170)
(73, 171)
(73, 194)
(73, 195)
(74, 4)
(74, 5)
(74, 6)
(74, 7)
(74, 8)
(74, 9)
(74, 10)
(74, 11)
(74, 12)
(74, 13)
(74, 14)
(74, 15)
(74, 16)
(74, 17)
(74, 18)
(74, 19)
(74, 20)
(74, 21)
(74, 22)
(74, 23)
(74, 24)
(74, 25)
(74, 26)
(74, 27)
(74, 34)
(74, 35)
(74, 36)
(74, 37)
(74, 38)
(74, 39)
(74, 40)
(74, 41)
(74, 42)
(74, 43)
(74, 44)
(74, 45)
(74, 46)
(74, 47)
(74, 48)
(74, 49)
(74, 50)
(74, 51)
(74, 52)
(74, 146)
(74, 147)
(74, 164)
(74, 165)
(74, 170)
(74, 171)
(74, 172)
(74, 173)
(74, 174)
(74, 175)
(74, 176)
(74, 177)
(74, 178)
(74, 179)
(74, 180)
(74, 181)
(74, 182)
(74, 183)
(74, 184)
(74, 185)
(74, 186)
(74, 187)
(74, 188)
(74, 189)
(74, 190)
(74, 191)
(74, 192)
(74, 193)
(74, 194)
(74, 195)
(75, 4)
(75, 5)
(75, 6)
(75, 7)
(75, 8)
(75, 9)
(75, 10)
(75, 11)
(75, 12)
(75, 13)
(75, 14)
(75, 15)
(75, 16)
(75, 17)
(75, 18)
(75, 19)
(75, 20)
(75, 21)
(75, 22)
(75, 23)
(75, 24)
(75, 25)
(75, 26)
(75, 27)
(75, 28)
(75, 29)
(75, 34)
(75, 35)
(75, 36)
(75, 37)
(75, 38)
(75, 39)
(75, 40)
(75, 41)
(75, 42)
(75, 43)
(75, 44)
(75, 45)
(75, 46)
(75, 47)
(75, 48)
(75, 49)
(75, 50)
(75, 51)
(75, 52)
(75, 146)
(75, 147)
(75, 148)
(75, 149)
(75, 150)
(75, 151)
(75, 152)
(75, 153)
(75, 154)
(75, 155)
(75, 156)
(75, 157)
(75, 158)
(75, 159)
(75, 160)
(75, 161)
(75, 162)
(75, 163)
(75, 164)
(75, 165)
(75, 170)
(75, 171)
(75, 172)
(75, 173)
(75, 174)
(75, 175)
(75, 176)
(75, 177)
(75, 178)
(75, 179)
(75, 180)
(75, 181)
(75, 182)
(75, 183)
(75, 184)
(75, 185)
(75, 186)
(75, 187)
(75, 188)
(75, 189)
(75, 190)
(75, 191)
(75, 192)
(75, 193)
(75, 194)
(75, 195)
(76, 4)
(76, 5)
(76, 24)
(76, 25)
(76, 26)
(76, 27)
(76, 28)
(76, 29)
(76, 34)
(76, 52)
(76, 147)
(76, 148)
(76, 149)
(76, 150)
(76, 151)
(76, 152)
(76, 153)
(76, 154)
(76, 155)
(76, 156)
(76, 157)
(76, 158)
(76, 159)
(76, 160)
(76, 161)
(76, 162)
(76, 163)
(76, 164)
(76, 194)
(76, 195)
(77, 4)
(77, 5)
(77, 28)
(77, 29)
(77, 34)
(77, 35)
(77, 51)
(77, 52)
(77, 155)
(77, 156)
(77, 194)
(77, 195)
(78, 4)
(78, 5)
(78, 28)
(78, 29)
(78, 34)
(78, 35)
(78, 51)
(78, 52)
(78, 155)
(78, 156)
(78, 194)
(78, 195)
(79, 4)
(79, 5)
(79, 28)
(79, 29)
(79, 34)
(79, 35)
(79, 51)
(79, 52)
(79, 194)
(79, 195)
(80, 4)
(80, 5)
(80, 28)
(80, 29)
(80, 34)
(80, 35)
(80, 51)
(80, 52)
(80, 170)
(80, 171)
(80, 172)
(80, 173)
(80, 174)
(80, 175)
(80, 176)
(80, 177)
(80, 178)
(80, 179)
(80, 180)
(80, 181)
(80, 182)
(80, 194)
(80, 195)
(81, 4)
(81, 5)
(81, 28)
(81, 29)
(81, 34)
(81, 35)
(81, 51)
(81, 52)
(81, 170)
(81, 171)
(81, 172)
(81, 173)
(81, 174)
(81, 175)
(81, 176)
(81, 177)
(81, 178)
(81, 179)
(81, 180)
(81, 181)
(81, 182)
(81, 183)
(81, 194)
(81, 195)
(82, 4)
(82, 5)
(82, 34)
(82, 35)
(82, 51)
(82, 52)
(82, 182)
(82, 183)
(82, 194)
(82, 195)
(83, 4)
(83, 5)
(83, 34)
(83, 35)
(83, 51)
(83, 52)
(83, 182)
(83, 183)
(83, 194)
(83, 195)
(84, 4)
(84, 5)
(84, 28)
(84, 29)
(84, 34)
(84, 35)
(84, 51)
(84, 52)
(84, 155)
(84, 156)
(84, 182)
(84, 183)
(84, 194)
(84, 195)
(85, 4)
(85, 5)
(85, 28)
(85, 29)
(85, 34)
(85, 35)
(85, 51)
(85, 52)
(85, 155)
(85, 156)
(85, 170)
(85, 171)
(85, 182)
(85, 183)
(85, 194)
(85, 195)
(86, 4)
(86, 5)
(86, 6)
(86, 7)
(86, 8)
(86, 9)
(86, 10)
(86, 11)
(86, 12)
(86, 13)
(86, 14)
(86, 15)
(86, 16)
(86, 17)
(86, 18)
(86, 19)
(86, 20)
(86, 21)
(86, 22)
(86, 23)
(86, 24)
(86, 25)
(86, 26)
(86, 27)
(86, 28)
(86, 29)
(86, 34)
(86, 35)
(86, 51)
(86, 52)
(86, 147)
(86, 148)
(86, 149)
(86, 150)
(86, 151)
(86, 152)
(86, 153)
(86, 154)
(86, 155)
(86, 156)
(86, 157)
(86, 158)
(86, 159)
(86, 160)
(86, 161)
(86, 162)
(86, 163)
(86, 164)
(86, 165)
(86, 170)
(86, 171)
(86, 182)
(86, 183)
(86, 194)
(86, 195)
(87, 4)
(87, 5)
(87, 6)
(87, 7)
(87, 8)
(87, 9)
(87, 10)
(87, 11)
(87, 12)
(87, 13)
(87, 14)
(87, 15)
(87, 16)
(87, 17)
(87, 18)
(87, 19)
(87, 20)
(87, 21)
(87, 22)
(87, 23)
(87, 24)
(87, 25)
(87, 26)
(87, 27)
(87, 28)
(87, 29)
(87, 34)
(87, 35)
(87, 51)
(87, 52)
(87, 146)
(87, 147)
(87, 148)
(87, 149)
(87, 150)
(87, 151)
(87, 152)
(87, 153)
(87, 154)
(87, 155)
(87, 156)
(87, 157)
(87, 158)
(87, 159)
(87, 160)
(87, 161)
(87, 162)
(87, 163)
(87, 164)
(87, 165)
(87, 170)
(87, 171)
(87, 172)
(87, 173)
(87, 174)
(87, 175)
(87, 176)
(87, 177)
(87, 178)
(87, 179)
(87, 180)
(87, 181)
(87, 182)
(87, 183)
(87, 194)
(87, 195)
(88, 4)
(88, 28)
(88, 29)
(88, 34)
(88, 35)
(88, 51)
(88, 52)
(88, 146)
(88, 147)
(88, 164)
(88, 165)
(88, 170)
(88, 171)
(88, 172)
(88, 173)
(88, 174)
(88, 175)
(88, 176)
(88, 177)
(88, 178)
(88, 179)
(88, 180)
(88, 181)
(88, 182)
(88, 183)
(88, 194)
(88, 195)
(89, 4)
(89, 5)
(89, 28)
(89, 29)
(89, 34)
(89, 35)
(89, 51)
(89, 52)
(89, 146)
(89, 147)
(89, 164)
(89, 165)
(89, 182)
(89, 183)
(89, 194)
(89, 195)
(90, 4)
(90, 5)
(90, 28)
(90, 34)
(90, 35)
(90, 51)
(90, 52)
(90, 146)
(90, 147)
(90, 182)
(90, 183)
(90, 194)
(90, 195)
(91, 4)
(91, 5)
(91, 33)
(91, 34)
(91, 35)
(91, 51)
(91, 52)
(91, 146)
(91, 147)
(91, 170)
(91, 171)
(91, 182)
(91, 183)
(91, 194)
(91, 195)
(92, 4)
(92, 5)
(92, 33)
(92, 34)
(92, 35)
(92, 51)
(92, 52)
(92, 146)
(92, 147)
(92, 164)
(92, 165)
(92, 170)
(92, 171)
(92, 172)
(92, 173)
(92, 174)
(92, 175)
(92, 176)
(92, 177)
(92, 178)
(92, 179)
(92, 180)
(92, 181)
(92, 182)
(92, 183)
(92, 194)
(92, 195)
(93, 4)
(93, 5)
(93, 28)
(93, 29)
(93, 33)
(93, 34)
(93, 35)
(93, 51)
(93, 52)
(93, 146)
(93, 147)
(93, 164)
(93, 165)
(93, 170)
(93, 171)
(93, 172)
(93, 173)
(93, 174)
(93, 175)
(93, 176)
(93, 177)
(93, 178)
(93, 179)
(93, 180)
(93, 181)
(93, 182)
(93, 183)
(93, 194)
(93, 195)
(94, 4)
(94, 5)
(94, 28)
(94, 29)
(94, 33)
(94, 34)
(94, 35)
(94, 51)
(94, 52)
(94, 75)
(94, 76)
(94, 77)
(94, 78)
(94, 79)
(94, 80)
(94, 81)
(94, 82)
(94, 83)
(94, 84)
(94, 85)
(94, 86)
(94, 87)
(94, 88)
(94, 89)
(94, 90)
(94, 91)
(94, 92)
(94, 93)
(94, 94)
(94, 95)
(94, 96)
(94, 97)
(94, 98)
(94, 99)
(94, 100)
(94, 101)
(94, 102)
(94, 103)
(94, 104)
(94, 105)
(94, 106)
(94, 107)
(94, 108)
(94, 109)
(94, 110)
(94, 111)
(94, 112)
(94, 113)
(94, 114)
(94, 115)
(94, 116)
(94, 117)
(94, 118)
(94, 119)
(94, 120)
(94, 121)
(94, 122)
(94, 123)
(94, 124)
(94, 146)
(94, 147)
(94, 164)
(94, 165)
(94, 170)
(94, 182)
(94, 183)
(94, 194)
(94, 195)
(95, 4)
(95, 5)
(95, 28)
(95, 29)
(95, 51)
(95, 52)
(95, 75)
(95, 76)
(95, 77)
(95, 78)
(95, 79)
(95, 80)
(95, 81)
(95, 82)
(95, 83)
(95, 84)
(95, 85)
(95, 86)
(95, 87)
(95, 88)
(95, 89)
(95, 90)
(95, 91)
(95, 92)
(95, 93)
(95, 94)
(95, 95)
(95, 96)
(95, 97)
(95, 98)
(95, 99)
(95, 100)
(95, 101)
(95, 102)
(95, 103)
(95, 104)
(95, 105)
(95, 106)
(95, 107)
(95, 108)
(95, 109)
(95, 110)
(95, 111)
(95, 112)
(95, 113)
(95, 114)
(95, 115)
(95, 116)
(95, 117)
(95, 118)
(95, 119)
(95, 120)
(95, 121)
(95, 122)
(95, 123)
(95, 124)
(95, 146)
(95, 147)
(95, 164)
(95, 165)
(95, 182)
(95, 183)
(95, 194)
(95, 195)
(96, 4)
(96, 5)
(96, 28)
(96, 29)
(96, 51)
(96, 52)
(96, 75)
(96, 76)
(96, 87)
(96, 88)
(96, 99)
(96, 100)
(96, 111)
(96, 112)
(96, 123)
(96, 124)
(96, 146)
(96, 147)
(96, 164)
(96, 165)
(96, 170)
(96, 171)
(96, 182)
(96, 183)
(96, 194)
(96, 195)
(97, 4)
(97, 5)
(97, 28)
(97, 29)
(97, 51)
(97, 52)
(97, 75)
(97, 76)
(97, 87)
(97, 88)
(97, 99)
(97, 100)
(97, 111)
(97, 112)
(97, 123)
(97, 146)
(97, 147)
(97, 164)
(97, 165)
(97, 170)
(97, 171)
(97, 182)
(97, 183)
(97, 194)
(97, 195)
(98, 4)
(98, 5)
(98, 6)
(98, 7)
(98, 8)
(98, 9)
(98, 10)
(98, 11)
(98, 12)
(98, 13)
(98, 14)
(98, 15)
(98, 16)
(98, 17)
(98, 18)
(98, 19)
(98, 20)
(98, 21)
(98, 22)
(98, 23)
(98, 24)
(98, 25)
(98, 26)
(98, 27)
(98, 28)
(98, 29)
(98, 34)
(98, 35)
(98, 36)
(98, 37)
(98, 38)
(98, 39)
(98, 40)
(98, 41)
(98, 42)
(98, 43)
(98, 44)
(98, 45)
(98, 46)
(98, 47)
(98, 48)
(98, 49)
(98, 50)
(98, 51)
(98, 52)
(98, 53)
(98, 54)
(98, 55)
(98, 56)
(98, 57)
(98, 58)
(98, 59)
(98, 60)
(98, 61)
(98, 62)
(98, 63)
(98, 64)
(98, 65)
(98, 66)
(98, 67)
(98, 68)
(98, 69)
(98, 70)
(98, 71)
(98, 72)
(98, 73)
(98, 74)
(98, 75)
(98, 76)
(98, 87)
(98, 88)
(98, 99)
(98, 100)
(98, 111)
(98, 112)
(98, 123)
(98, 124)
(98, 125)
(98, 126)
(98, 127)
(98, 128)
(98, 129)
(98, 130)
(98, 131)
(98, 132)
(98, 133)
(98, 134)
(98, 135)
(98, 136)
(98, 137)
(98, 138)
(98, 139)
(98, 140)
(98, 141)
(98, 142)
(98, 143)
(98, 144)
(98, 145)
(98, 146)
(98, 147)
(98, 148)
(98, 149)
(98, 150)
(98, 151)
(98, 152)
(98, 153)
(98, 154)
(98, 155)
(98, 156)
(98, 157)
(98, 158)
(98, 159)
(98, 160)
(98, 161)
(98, 162)
(98, 163)
(98, 164)
(98, 165)
(98, 169)
(98, 170)
(98, 171)
(98, 172)
(98, 173)
(98, 174)
(98, 175)
(98, 176)
(98, 177)
(98, 178)
(98, 179)
(98, 180)
(98, 181)
(98, 182)
(98, 183)
(98, 184)
(98, 185)
(98, 186)
(98, 187)
(98, 188)
(98, 189)
(98, 190)
(98, 191)
(98, 192)
(98, 193)
(98, 194)
(98, 195)
(99, 4)
(99, 5)
(99, 6)
(99, 7)
(99, 8)
(99, 9)
(99, 10)
(99, 11)
(99, 12)
(99, 13)
(99, 14)
(99, 15)
(99, 16)
(99, 17)
(99, 18)
(99, 19)
(99, 20)
(99, 21)
(99, 22)
(99, 23)
(99, 24)
(99, 25)
(99, 26)
(99, 27)
(99, 28)
(99, 29)
(99, 34)
(99, 35)
(99, 36)
(99, 37)
(99, 38)
(99, 39)
(99, 40)
(99, 41)
(99, 42)
(99, 43)
(99, 44)
(99, 45)
(99, 46)
(99, 47)
(99, 48)
(99, 49)
(99, 50)
(99, 51)
(99, 52)
(99, 53)
(99, 54)
(99, 55)
(99, 56)
(99, 57)
(99, 58)
(99, 59)
(99, 60)
(99, 61)
(99, 62)
(99, 63)
(99, 64)
(99, 65)
(99, 66)
(99, 67)
(99, 68)
(99, 69)
(99, 70)
(99, 71)
(99, 72)
(99, 73)
(99, 74)
(99, 75)
(99, 76)
(99, 87)
(99, 88)
(99, 99)
(99, 100)
(99, 111)
(99, 112)
(99, 123)
(99, 124)
(99, 125)
(99, 126)
(99, 127)
(99, 128)
(99, 129)
(99, 130)
(99, 131)
(99, 132)
(99, 133)
(99, 134)
(99, 135)
(99, 136)
(99, 137)
(99, 138)
(99, 139)
(99, 140)
(99, 141)
(99, 142)
(99, 143)
(99, 144)
(99, 145)
(99, 146)
(99, 147)
(99, 148)
(99, 149)
(99, 150)
(99, 151)
(99, 152)
(99, 153)
(99, 154)
(99, 155)
(99, 156)
(99, 157)
(99, 158)
(99, 159)
(99, 160)
(99, 161)
(99, 162)
(99, 163)
(99, 164)
(99, 165)
(99, 169)
(99, 170)
(99, 171)
(99, 172)
(99, 173)
(99, 174)
(99, 175)
(99, 176)
(99, 177)
(99, 178)
(99, 179)
(99, 180)
(99, 181)
(99, 182)
(99, 183)
(99, 184)
(99, 185)
(99, 186)
(99, 187)
(99, 188)
(99, 189)
(99, 190)
(99, 191)
(99, 192)
(99, 193)
(99, 194)
(99, 195)
(100, 4)
(100, 28)
(100, 29)
(100, 34)
(100, 35)
(100, 51)
(100, 52)
(100, 63)
(100, 64)
(100, 75)
(100, 76)
(100, 87)
(100, 88)
(100, 99)
(100, 100)
(100, 111)
(100, 112)
(100, 123)
(100, 146)
(100, 147)
(100, 164)
(100, 165)
(100, 170)
(100, 171)
(100, 194)
(100, 195)
(101, 4)
(101, 5)
(101, 28)
(101, 29)
(101, 34)
(101, 35)
(101, 51)
(101, 52)
(101, 63)
(101, 64)
(101, 75)
(101, 76)
(101, 87)
(101, 88)
(101, 99)
(101, 100)
(101, 111)
(101, 112)
(101, 123)
(101, 124)
(101, 146)
(101, 147)
(101, 164)
(101, 165)
(101, 170)
(101, 171)
(101, 194)
(101, 195)
(102, 4)
(102, 5)
(102, 28)
(102, 29)
(102, 34)
(102, 35)
(102, 51)
(102, 52)
(102, 63)
(102, 64)
(102, 75)
(102, 76)
(102, 87)
(102, 88)
(102, 99)
(102, 100)
(102, 111)
(102, 112)
(102, 122)
(102, 123)
(102, 124)
(102, 146)
(102, 147)
(102, 170)
(102, 171)
(102, 194)
(102, 195)
(103, 4)
(103, 5)
(103, 28)
(103, 29)
(103, 34)
(103, 35)
(103, 51)
(103, 52)
(103, 63)
(103, 64)
(103, 75)
(103, 76)
(103, 87)
(103, 88)
(103, 99)
(103, 100)
(103, 111)
(103, 112)
(103, 122)
(103, 123)
(103, 124)
(103, 146)
(103, 147)
(103, 170)
(103, 171)
(103, 194)
(103, 195)
(104, 4)
(104, 5)
(104, 28)
(104, 29)
(104, 34)
(104, 35)
(104, 51)
(104, 52)
(104, 63)
(104, 64)
(104, 75)
(104, 76)
(104, 87)
(104, 88)
(104, 99)
(104, 100)
(104, 111)
(104, 112)
(104, 122)
(104, 123)
(104, 124)
(104, 146)
(104, 147)
(104, 148)
(104, 149)
(104, 150)
(104, 151)
(104, 152)
(104, 153)
(104, 154)
(104, 155)
(104, 156)
(104, 157)
(104, 158)
(104, 159)
(104, 160)
(104, 161)
(104, 162)
(104, 163)
(104, 164)
(104, 165)
(104, 170)
(104, 171)
(104, 194)
(104, 195)
(105, 4)
(105, 5)
(105, 28)
(105, 29)
(105, 34)
(105, 35)
(105, 51)
(105, 52)
(105, 63)
(105, 64)
(105, 75)
(105, 76)
(105, 87)
(105, 88)
(105, 99)
(105, 100)
(105, 111)
(105, 112)
(105, 122)
(105, 123)
(105, 124)
(105, 146)
(105, 147)
(105, 148)
(105, 149)
(105, 150)
(105, 151)
(105, 152)
(105, 153)
(105, 154)
(105, 155)
(105, 156)
(105, 157)
(105, 158)
(105, 159)
(105, 160)
(105, 161)
(105, 162)
(105, 163)
(105, 164)
(105, 165)
(105, 170)
(105, 171)
(105, 194)
(105, 195)
(106, 4)
(106, 5)
(106, 28)
(106, 29)
(106, 51)
(106, 52)
(106, 63)
(106, 64)
(106, 75)
(106, 76)
(106, 87)
(106, 88)
(106, 99)
(106, 100)
(106, 111)
(106, 112)
(106, 122)
(106, 123)
(106, 124)
(106, 146)
(106, 147)
(106, 156)
(106, 157)
(106, 164)
(106, 165)
(106, 170)
(106, 171)
(106, 194)
(106, 195)
(107, 4)
(107, 5)
(107, 28)
(107, 29)
(107, 51)
(107, 52)
(107, 63)
(107, 64)
(107, 75)
(107, 76)
(107, 87)
(107, 88)
(107, 99)
(107, 100)
(107, 111)
(107, 112)
(107, 122)
(107, 123)
(107, 124)
(107, 146)
(107, 147)
(107, 156)
(107, 157)
(107, 164)
(107, 165)
(107, 170)
(107, 171)
(107, 194)
(107, 195)
(108, 4)
(108, 5)
(108, 28)
(108, 29)
(108, 51)
(108, 52)
(108, 63)
(108, 64)
(108, 75)
(108, 76)
(108, 87)
(108, 88)
(108, 99)
(108, 100)
(108, 111)
(108, 112)
(108, 122)
(108, 123)
(108, 124)
(108, 146)
(108, 147)
(108, 156)
(108, 157)
(108, 164)
(108, 165)
(108, 170)
(108, 171)
(108, 194)
(108, 195)
(109, 4)
(109, 5)
(109, 51)
(109, 52)
(109, 63)
(109, 64)
(109, 75)
(109, 76)
(109, 87)
(109, 88)
(109, 99)
(109, 100)
(109, 111)
(109, 112)
(109, 122)
(109, 123)
(109, 124)
(109, 146)
(109, 147)
(109, 156)
(109, 157)
(109, 164)
(109, 165)
(109, 194)
(109, 195)
(110, 4)
(110, 5)
(110, 51)
(110, 52)
(110, 63)
(110, 64)
(110, 75)
(110, 76)
(110, 87)
(110, 88)
(110, 99)
(110, 100)
(110, 111)
(110, 112)
(110, 122)
(110, 123)
(110, 124)
(110, 146)
(110, 147)
(110, 156)
(110, 157)
(110, 164)
(110, 165)
(110, 194)
(110, 195)
(111, 4)
(111, 5)
(111, 28)
(111, 29)
(111, 51)
(111, 52)
(111, 63)
(111, 64)
(111, 75)
(111, 76)
(111, 87)
(111, 88)
(111, 99)
(111, 100)
(111, 111)
(111, 112)
(111, 122)
(111, 123)
(111, 124)
(111, 146)
(111, 147)
(111, 156)
(111, 157)
(111, 164)
(111, 165)
(111, 170)
(111, 171)
(111, 194)
(111, 195)
(112, 4)
(112, 28)
(112, 29)
(112, 51)
(112, 52)
(112, 53)
(112, 54)
(112, 55)
(112, 56)
(112, 57)
(112, 58)
(112, 61)
(112, 62)
(112, 63)
(112, 64)
(112, 65)
(112, 66)
(112, 69)
(112, 70)
(112, 71)
(112, 72)
(112, 73)
(112, 74)
(112, 75)
(112, 76)
(112, 87)
(112, 88)
(112, 99)
(112, 100)
(112, 111)
(112, 112)
(112, 122)
(112, 123)
(112, 124)
(112, 146)
(112, 147)
(112, 156)
(112, 157)
(112, 164)
(112, 165)
(112, 170)
(112, 171)
(112, 194)
(112, 195)
(113, 4)
(113, 5)
(113, 6)
(113, 7)
(113, 8)
(113, 9)
(113, 10)
(113, 11)
(113, 12)
(113, 13)
(113, 14)
(113, 15)
(113, 16)
(113, 17)
(113, 18)
(113, 19)
(113, 20)
(113, 21)
(113, 22)
(113, 23)
(113, 24)
(113, 25)
(113, 26)
(113, 27)
(113, 28)
(113, 29)
(113, 51)
(113, 52)
(113, 53)
(113, 54)
(113, 55)
(113, 56)
(113, 57)
(113, 58)
(113, 61)
(113, 62)
(113, 63)
(113, 64)
(113, 65)
(113, 66)
(113, 69)
(113, 70)
(113, 71)
(113, 72)
(113, 73)
(113, 74)
(113, 75)
(113, 76)
(113, 87)
(113, 88)
(113, 99)
(113, 100)
(113, 111)
(113, 112)
(113, 122)
(113, 123)
(113, 146)
(113, 147)
(113, 156)
(113, 157)
(113, 164)
(113, 165)
(113, 170)
(113, 171)
(113, 172)
(113, 173)
(113, 174)
(113, 175)
(113, 176)
(113, 177)
(113, 178)
(113, 179)
(113, 180)
(113, 181)
(113, 182)
(113, 183)
(113, 184)
(113, 185)
(113, 186)
(113, 187)
(113, 188)
(113, 189)
(113, 190)
(113, 191)
(113, 192)
(113, 193)
(113, 194)
(113, 195)
(114, 4)
(114, 5)
(114, 6)
(114, 7)
(114, 8)
(114, 9)
(114, 10)
(114, 11)
(114, 12)
(114, 13)
(114, 14)
(114, 15)
(114, 16)
(114, 17)
(114, 18)
(114, 19)
(114, 20)
(114, 21)
(114, 22)
(114, 23)
(114, 24)
(114, 25)
(114, 26)
(114, 27)
(114, 28)
(114, 29)
(114, 51)
(114, 52)
(114, 75)
(114, 76)
(114, 87)
(114, 88)
(114, 99)
(114, 100)
(114, 111)
(114, 112)
(114, 122)
(114, 123)
(114, 146)
(114, 147)
(114, 156)
(114, 157)
(114, 164)
(114, 165)
(114, 170)
(114, 171)
(114, 172)
(114, 173)
(114, 174)
(114, 175)
(114, 176)
(114, 177)
(114, 178)
(114, 179)
(114, 180)
(114, 181)
(114, 182)
(114, 183)
(114, 184)
(114, 185)
(114, 186)
(114, 187)
(114, 188)
(114, 189)
(114, 190)
(114, 191)
(114, 192)
(114, 193)
(114, 194)
(114, 195)
(115, 4)
(115, 5)
(115, 28)
(115, 29)
(115, 51)
(115, 52)
(115, 75)
(115, 76)
(115, 87)
(115, 88)
(115, 99)
(115, 100)
(115, 111)
(115, 112)
(115, 123)
(115, 146)
(115, 147)
(115, 156)
(115, 157)
(115, 164)
(115, 165)
(115, 170)
(115, 171)
(115, 194)
(115, 195)
(116, 4)
(116, 5)
(116, 28)
(116, 29)
(116, 51)
(116, 52)
(116, 75)
(116, 76)
(116, 77)
(116, 78)
(116, 79)
(116, 80)
(116, 81)
(116, 82)
(116, 85)
(116, 86)
(116, 87)
(116, 88)
(116, 89)
(116, 90)
(116, 91)
(116, 92)
(116, 93)
(116, 94)
(116, 97)
(116, 98)
(116, 99)
(116, 100)
(116, 101)
(116, 102)
(116, 105)
(116, 106)
(116, 107)
(116, 108)
(116, 109)
(116, 110)
(116, 111)
(116, 112)
(116, 113)
(116, 114)
(116, 117)
(116, 118)
(116, 119)
(116, 120)
(116, 121)
(116, 122)
(116, 123)
(116, 124)
(116, 125)
(116, 126)
(116, 127)
(116, 128)
(116, 129)
(116, 130)
(116, 131)
(116, 132)
(116, 133)
(116, 134)
(116, 135)
(116, 136)
(116, 137)
(116, 138)
(116, 139)
(116, 140)
(116, 141)
(116, 142)
(116, 145)
(116, 146)
(116, 147)
(116, 156)
(116, 157)
(116, 164)
(116, 165)
(116, 170)
(116, 171)
(116, 194)
(116, 195)
(117, 4)
(117, 5)
(117, 51)
(117, 52)
(117, 75)
(117, 76)
(117, 77)
(117, 78)
(117, 79)
(117, 80)
(117, 81)
(117, 82)
(117, 85)
(117, 86)
(117, 87)
(117, 88)
(117, 89)
(117, 90)
(117, 91)
(117, 92)
(117, 93)
(117, 94)
(117, 97)
(117, 98)
(117, 99)
(117, 100)
(117, 101)
(117, 102)
(117, 105)
(117, 106)
(117, 107)
(117, 108)
(117, 109)
(117, 110)
(117, 111)
(117, 112)
(117, 113)
(117, 114)
(117, 117)
(117, 118)
(117, 119)
(117, 120)
(117, 121)
(117, 122)
(117, 123)
(117, 124)
(117, 125)
(117, 126)
(117, 127)
(117, 128)
(117, 129)
(117, 130)
(117, 131)
(117, 132)
(117, 133)
(117, 134)
(117, 135)
(117, 136)
(117, 137)
(117, 138)
(117, 139)
(117, 140)
(117, 141)
(117, 142)
(117, 145)
(117, 146)
(117, 147)
(117, 156)
(117, 157)
(117, 164)
(117, 165)
(117, 194)
(117, 195)
(118, 4)
(118, 5)
(118, 51)
(118, 52)
(118, 75)
(118, 76)
(118, 146)
(118, 147)
(118, 152)
(118, 153)
(118, 154)
(118, 155)
(118, 156)
(118, 157)
(118, 158)
(118, 159)
(118, 160)
(118, 164)
(118, 165)
(118, 194)
(118, 195)
(119, 4)
(119, 5)
(119, 28)
(119, 29)
(119, 51)
(119, 52)
(119, 146)
(119, 147)
(119, 153)
(119, 154)
(119, 155)
(119, 156)
(119, 157)
(119, 158)
(119, 159)
(119, 160)
(119, 164)
(119, 165)
(119, 170)
(119, 171)
(119, 194)
(119, 195)
(120, 4)
(120, 5)
(120, 28)
(120, 29)
(120, 51)
(120, 52)
(120, 146)
(120, 147)
(120, 164)
(120, 165)
(120, 170)
(120, 171)
(120, 194)
(120, 195)
(121, 4)
(121, 5)
(121, 28)
(121, 29)
(121, 51)
(121, 52)
(121, 146)
(121, 147)
(121, 164)
(121, 165)
(121, 170)
(121, 171)
(121, 194)
(121, 195)
(122, 4)
(122, 5)
(122, 28)
(122, 29)
(122, 51)
(122, 52)
(122, 63)
(122, 64)
(122, 65)
(122, 66)
(122, 69)
(122, 70)
(122, 71)
(122, 72)
(122, 73)
(122, 74)
(122, 75)
(122, 76)
(122, 77)
(122, 78)
(122, 79)
(122, 80)
(122, 81)
(122, 82)
(122, 85)
(122, 86)
(122, 87)
(122, 88)
(122, 89)
(122, 90)
(122, 93)
(122, 94)
(122, 95)
(122, 96)
(122, 97)
(122, 98)
(122, 99)
(122, 100)
(122, 101)
(122, 102)
(122, 103)
(122, 104)
(122, 105)
(122, 109)
(122, 110)
(122, 111)
(122, 112)
(122, 113)
(122, 114)
(122, 117)
(122, 118)
(122, 119)
(122, 120)
(122, 121)
(122, 122)
(122, 123)
(122, 124)
(122, 125)
(122, 126)
(122, 127)
(122, 128)
(122, 129)
(122, 132)
(122, 133)
(122, 134)
(122, 135)
(122, 146)
(122, 147)
(122, 148)
(122, 149)
(122, 150)
(122, 151)
(122, 152)
(122, 153)
(122, 160)
(122, 161)
(122, 162)
(122, 163)
(122, 164)
(122, 165)
(122, 170)
(122, 171)
(122, 194)
(122, 195)
(123, 4)
(123, 5)
(123, 28)
(123, 29)
(123, 51)
(123, 52)
(123, 63)
(123, 64)
(123, 65)
(123, 66)
(123, 69)
(123, 70)
(123, 71)
(123, 72)
(123, 73)
(123, 74)
(123, 75)
(123, 76)
(123, 77)
(123, 78)
(123, 79)
(123, 80)
(123, 81)
(123, 82)
(123, 85)
(123, 86)
(123, 87)
(123, 88)
(123, 89)
(123, 90)
(123, 93)
(123, 94)
(123, 95)
(123, 96)
(123, 97)
(123, 98)
(123, 99)
(123, 100)
(123, 101)
(123, 102)
(123, 103)
(123, 104)
(123, 105)
(123, 109)
(123, 110)
(123, 111)
(123, 112)
(123, 113)
(123, 114)
(123, 117)
(123, 118)
(123, 119)
(123, 120)
(123, 121)
(123, 122)
(123, 123)
(123, 124)
(123, 125)
(123, 126)
(123, 127)
(123, 128)
(123, 129)
(123, 132)
(123, 133)
(123, 134)
(123, 135)
(123, 146)
(123, 147)
(123, 148)
(123, 149)
(123, 150)
(123, 151)
(123, 152)
(123, 153)
(123, 160)
(123, 161)
(123, 162)
(123, 163)
(123, 164)
(123, 165)
(123, 170)
(123, 171)
(123, 194)
(123, 195)
(124, 4)
(124, 5)
(124, 28)
(124, 29)
(124, 63)
(124, 64)
(124, 75)
(124, 76)
(124, 87)
(124, 88)
(124, 99)
(124, 100)
(124, 111)
(124, 112)
(124, 123)
(124, 124)
(124, 134)
(124, 135)
(124, 170)
(124, 171)
(124, 194)
(124, 195)
(125, 4)
(125, 5)
(125, 28)
(125, 29)
(125, 63)
(125, 64)
(125, 75)
(125, 76)
(125, 87)
(125, 88)
(125, 99)
(125, 100)
(125, 111)
(125, 112)
(125, 123)
(125, 124)
(125, 134)
(125, 135)
(125, 170)
(125, 171)
(125, 194)
(125, 195)
(126, 4)
(126, 5)
(126, 28)
(126, 29)
(126, 63)
(126, 64)
(126, 75)
(126, 76)
(126, 87)
(126, 88)
(126, 99)
(126, 100)
(126, 111)
(126, 112)
(126, 123)
(126, 124)
(126, 134)
(126, 135)
(126, 170)
(126, 171)
(126, 194)
(126, 195)
(127, 4)
(127, 5)
(127, 6)
(127, 7)
(127, 8)
(127, 9)
(127, 10)
(127, 11)
(127, 12)
(127, 13)
(127, 14)
(127, 15)
(127, 16)
(127, 17)
(127, 18)
(127, 19)
(127, 20)
(127, 21)
(127, 22)
(127, 23)
(127, 24)
(127, 25)
(127, 26)
(127, 27)
(127, 28)
(127, 29)
(127, 63)
(127, 64)
(127, 75)
(127, 76)
(127, 87)
(127, 88)
(127, 99)
(127, 100)
(127, 111)
(127, 112)
(127, 123)
(127, 124)
(127, 134)
(127, 135)
(127, 170)
(127, 171)
(127, 194)
(127, 195)
(128, 4)
(128, 5)
(128, 6)
(128, 7)
(128, 8)
(128, 9)
(128, 10)
(128, 11)
(128, 12)
(128, 13)
(128, 14)
(128, 15)
(128, 16)
(128, 17)
(128, 18)
(128, 19)
(128, 20)
(128, 21)
(128, 22)
(128, 23)
(128, 24)
(128, 25)
(128, 26)
(128, 27)
(128, 28)
(128, 29)
(128, 63)
(128, 64)
(128, 75)
(128, 76)
(128, 87)
(128, 88)
(128, 99)
(128, 100)
(128, 111)
(128, 112)
(128, 123)
(128, 124)
(128, 134)
(128, 135)
(128, 170)
(128, 171)
(128, 172)
(128, 173)
(128, 174)
(128, 175)
(128, 176)
(128, 177)
(128, 178)
(128, 179)
(128, 180)
(128, 181)
(128, 182)
(128, 183)
(128, 184)
(128, 185)
(128, 186)
(128, 187)
(128, 188)
(128, 189)
(128, 190)
(128, 191)
(128, 192)
(128, 193)
(128, 194)
(128, 195)
(129, 4)
(129, 5)
(129, 6)
(129, 7)
(129, 8)
(129, 9)
(129, 10)
(129, 11)
(129, 12)
(129, 13)
(129, 14)
(129, 15)
(129, 16)
(129, 17)
(129, 18)
(129, 19)
(129, 20)
(129, 21)
(129, 22)
(129, 23)
(129, 24)
(129, 25)
(129, 26)
(129, 27)
(129, 28)
(129, 63)
(129, 64)
(129, 75)
(129, 76)
(129, 87)
(129, 88)
(129, 99)
(129, 100)
(129, 111)
(129, 112)
(129, 122)
(129, 123)
(129, 124)
(129, 134)
(129, 135)
(129, 170)
(129, 171)
(129, 172)
(129, 173)
(129, 174)
(129, 175)
(129, 176)
(129, 177)
(129, 178)
(129, 179)
(129, 180)
(129, 181)
(129, 182)
(129, 183)
(129, 184)
(129, 185)
(129, 186)
(129, 187)
(129, 188)
(129, 189)
(129, 190)
(129, 191)
(129, 192)
(129, 193)
(129, 194)
(129, 195)
(130, 4)
(130, 5)
(130, 63)
(130, 64)
(130, 75)
(130, 76)
(130, 87)
(130, 88)
(130, 99)
(130, 100)
(130, 111)
(130, 112)
(130, 122)
(130, 123)
(130, 124)
(130, 134)
(130, 135)
(130, 194)
(130, 195)
(131, 4)
(131, 5)
(131, 63)
(131, 64)
(131, 75)
(131, 76)
(131, 87)
(131, 88)
(131, 99)
(131, 100)
(131, 111)
(131, 112)
(131, 122)
(131, 123)
(131, 124)
(131, 134)
(131, 135)
(131, 194)
(131, 195)
(132, 4)
(132, 5)
(132, 27)
(132, 28)
(132, 29)
(132, 30)
(132, 31)
(132, 32)
(132, 33)
(132, 34)
(132, 37)
(132, 38)
(132, 39)
(132, 40)
(132, 41)
(132, 42)
(132, 43)
(132, 46)
(132, 47)
(132, 48)
(132, 49)
(132, 50)
(132, 51)
(132, 52)
(132, 53)
(132, 54)
(132, 55)
(132, 57)
(132, 58)
(132, 59)
(132, 60)
(132, 61)
(132, 62)
(132, 63)
(132, 64)
(132, 75)
(132, 76)
(132, 87)
(132, 88)
(132, 99)
(132, 100)
(132, 111)
(132, 112)
(132, 122)
(132, 123)
(132, 124)
(132, 134)
(132, 135)
(132, 136)
(132, 137)
(132, 138)
(132, 139)
(132, 140)
(132, 141)
(132, 144)
(132, 145)
(132, 146)
(132, 147)
(132, 148)
(132, 149)
(132, 150)
(132, 151)
(132, 152)
(132, 153)
(132, 156)
(132, 157)
(132, 158)
(132, 159)
(132, 160)
(132, 161)
(132, 164)
(132, 165)
(132, 166)
(132, 167)
(132, 168)
(132, 169)
(132, 170)
(132, 171)
(132, 194)
(132, 195)
(133, 4)
(133, 5)
(133, 27)
(133, 28)
(133, 29)
(133, 30)
(133, 31)
(133, 32)
(133, 33)
(133, 34)
(133, 38)
(133, 39)
(133, 40)
(133, 41)
(133, 42)
(133, 46)
(133, 47)
(133, 48)
(133, 49)
(133, 50)
(133, 51)
(133, 52)
(133, 53)
(133, 54)
(133, 58)
(133, 59)
(133, 60)
(133, 61)
(133, 62)
(133, 63)
(133, 64)
(133, 75)
(133, 76)
(133, 87)
(133, 88)
(133, 99)
(133, 100)
(133, 111)
(133, 112)
(133, 122)
(133, 123)
(133, 124)
(133, 134)
(133, 135)
(133, 136)
(133, 137)
(133, 138)
(133, 139)
(133, 140)
(133, 141)
(133, 144)
(133, 145)
(133, 146)
(133, 147)
(133, 148)
(133, 149)
(133, 150)
(133, 151)
(133, 152)
(133, 153)
(133, 156)
(133, 157)
(133, 158)
(133, 159)
(133, 160)
(133, 161)
(133, 164)
(133, 165)
(133, 166)
(133, 167)
(133, 168)
(133, 169)
(133, 170)
(133, 171)
(133, 194)
(133, 195)
(134, 4)
(134, 5)
(134, 27)
(134, 28)
(134, 39)
(134, 40)
(134, 51)
(134, 52)
(134, 63)
(134, 64)
(134, 75)
(134, 76)
(134, 87)
(134, 88)
(134, 99)
(134, 100)
(134, 111)
(134, 112)
(134, 122)
(134, 123)
(134, 124)
(134, 134)
(134, 135)
(134, 146)
(134, 147)
(134, 158)
(134, 159)
(134, 170)
(134, 171)
(134, 194)
(134, 195)
(135, 4)
(135, 5)
(135, 27)
(135, 28)
(135, 39)
(135, 40)
(135, 51)
(135, 52)
(135, 63)
(135, 64)
(135, 75)
(135, 76)
(135, 87)
(135, 88)
(135, 99)
(135, 100)
(135, 111)
(135, 112)
(135, 122)
(135, 123)
(135, 124)
(135, 134)
(135, 135)
(135, 146)
(135, 147)
(135, 158)
(135, 159)
(135, 170)
(135, 171)
(135, 194)
(135, 195)
(136, 4)
(136, 5)
(136, 27)
(136, 28)
(136, 39)
(136, 40)
(136, 51)
(136, 52)
(136, 63)
(136, 64)
(136, 75)
(136, 76)
(136, 87)
(136, 88)
(136, 99)
(136, 100)
(136, 111)
(136, 112)
(136, 122)
(136, 123)
(136, 134)
(136, 135)
(136, 146)
(136, 147)
(136, 158)
(136, 159)
(136, 170)
(136, 171)
(136, 194)
(136, 195)
(137, 4)
(137, 5)
(137, 27)
(137, 28)
(137, 39)
(137, 40)
(137, 51)
(137, 52)
(137, 63)
(137, 64)
(137, 75)
(137, 76)
(137, 87)
(137, 88)
(137, 99)
(137, 100)
(137, 111)
(137, 112)
(137, 122)
(137, 123)
(137, 134)
(137, 135)
(137, 146)
(137, 147)
(137, 158)
(137, 159)
(137, 170)
(137, 171)
(137, 194)
(137, 195)
(138, 4)
(138, 5)
(138, 27)
(138, 28)
(138, 39)
(138, 40)
(138, 51)
(138, 52)
(138, 63)
(138, 64)
(138, 75)
(138, 76)
(138, 87)
(138, 88)
(138, 99)
(138, 100)
(138, 111)
(138, 112)
(138, 122)
(138, 123)
(138, 134)
(138, 135)
(138, 146)
(138, 147)
(138, 158)
(138, 159)
(138, 170)
(138, 171)
(138, 194)
(138, 195)
(139, 4)
(139, 5)
(139, 27)
(139, 28)
(139, 39)
(139, 40)
(139, 51)
(139, 52)
(139, 63)
(139, 64)
(139, 75)
(139, 76)
(139, 87)
(139, 88)
(139, 99)
(139, 100)
(139, 111)
(139, 112)
(139, 122)
(139, 123)
(139, 134)
(139, 135)
(139, 146)
(139, 147)
(139, 158)
(139, 159)
(139, 170)
(139, 171)
(139, 194)
(139, 195)
(140, 4)
(140, 5)
(140, 27)
(140, 28)
(140, 39)
(140, 40)
(140, 51)
(140, 52)
(140, 63)
(140, 64)
(140, 75)
(140, 76)
(140, 87)
(140, 88)
(140, 99)
(140, 100)
(140, 111)
(140, 112)
(140, 122)
(140, 123)
(140, 134)
(140, 135)
(140, 146)
(140, 147)
(140, 158)
(140, 159)
(140, 170)
(140, 171)
(140, 194)
(140, 195)
(141, 4)
(141, 5)
(141, 27)
(141, 28)
(141, 39)
(141, 40)
(141, 51)
(141, 52)
(141, 63)
(141, 64)
(141, 75)
(141, 76)
(141, 87)
(141, 88)
(141, 99)
(141, 100)
(141, 111)
(141, 112)
(141, 122)
(141, 123)
(141, 134)
(141, 135)
(141, 146)
(141, 147)
(141, 158)
(141, 159)
(141, 170)
(141, 171)
(141, 194)
(141, 195)
(142, 4)
(142, 5)
(142, 27)
(142, 28)
(142, 39)
(142, 40)
(142, 51)
(142, 52)
(142, 63)
(142, 64)
(142, 75)
(142, 76)
(142, 87)
(142, 88)
(142, 99)
(142, 100)
(142, 111)
(142, 112)
(142, 122)
(142, 123)
(142, 134)
(142, 135)
(142, 146)
(142, 147)
(142, 158)
(142, 159)
(142, 170)
(142, 171)
(142, 194)
(142, 195)
(143, 4)
(143, 5)
(143, 27)
(143, 28)
(143, 39)
(143, 40)
(143, 51)
(143, 52)
(143, 63)
(143, 64)
(143, 75)
(143, 76)
(143, 87)
(143, 88)
(143, 99)
(143, 100)
(143, 111)
(143, 112)
(143, 122)
(143, 123)
(143, 134)
(143, 135)
(143, 146)
(143, 147)
(143, 158)
(143, 159)
(143, 170)
(143, 171)
(143, 194)
(143, 195)
(144, 4)
(144, 5)
(144, 27)
(144, 28)
(144, 39)
(144, 40)
(144, 51)
(144, 52)
(144, 63)
(144, 64)
(144, 75)
(144, 76)
(144, 87)
(144, 88)
(144, 99)
(144, 100)
(144, 111)
(144, 112)
(144, 122)
(144, 123)
(144, 134)
(144, 135)
(144, 146)
(144, 147)
(144, 158)
(144, 159)
(144, 170)
(144, 171)
(144, 194)
(144, 195)
(145, 4)
(145, 5)
(145, 27)
(145, 28)
(145, 39)
(145, 40)
(145, 51)
(145, 52)
(145, 63)
(145, 64)
(145, 75)
(145, 76)
(145, 87)
(145, 88)
(145, 99)
(145, 100)
(145, 111)
(145, 112)
(145, 122)
(145, 123)
(145, 134)
(145, 135)
(145, 146)
(145, 147)
(145, 158)
(145, 159)
(145, 170)
(145, 171)
(145, 194)
(145, 195)
(146, 4)
(146, 5)
(146, 6)
(146, 7)
(146, 8)
(146, 9)
(146, 10)
(146, 11)
(146, 12)
(146, 13)
(146, 14)
(146, 15)
(146, 16)
(146, 17)
(146, 18)
(146, 19)
(146, 20)
(146, 21)
(146, 22)
(146, 23)
(146, 24)
(146, 25)
(146, 26)
(146, 27)
(146, 28)
(146, 29)
(146, 30)
(146, 31)
(146, 32)
(146, 33)
(146, 34)
(146, 35)
(146, 36)
(146, 37)
(146, 38)
(146, 39)
(146, 40)
(146, 41)
(146, 42)
(146, 43)
(146, 44)
(146, 45)
(146, 46)
(146, 47)
(146, 48)
(146, 49)
(146, 50)
(146, 51)
(146, 52)
(146, 53)
(146, 54)
(146, 55)
(146, 56)
(146, 57)
(146, 58)
(146, 59)
(146, 60)
(146, 61)
(146, 62)
(146, 63)
(146, 64)
(146, 65)
(146, 66)
(146, 67)
(146, 68)
(146, 69)
(146, 70)
(146, 71)
(146, 72)
(146, 73)
(146, 74)
(146, 75)
(146, 76)
(146, 77)
(146, 78)
(146, 79)
(146, 80)
(146, 81)
(146, 82)
(146, 83)
(146, 84)
(146, 85)
(146, 86)
(146, 87)
(146, 88)
(146, 89)
(146, 90)
(146, 91)
(146, 92)
(146, 93)
(146, 94)
(146, 95)
(146, 96)
(146, 97)
(146, 98)
(146, 99)
(146, 100)
(146, 101)
(146, 102)
(146, 103)
(146, 104)
(146, 105)
(146, 106)
(146, 107)
(146, 108)
(146, 109)
(146, 110)
(146, 111)
(146, 112)
(146, 113)
(146, 114)
(146, 115)
(146, 116)
(146, 117)
(146, 118)
(146, 119)
(146, 120)
(146, 121)
(146, 122)
(146, 123)
(146, 124)
(146, 125)
(146, 126)
(146, 127)
(146, 128)
(146, 129)
(146, 130)
(146, 131)
(146, 132)
(146, 133)
(146, 134)
(146, 135)
(146, 136)
(146, 137)
(146, 138)
(146, 139)
(146, 140)
(146, 141)
(146, 142)
(146, 143)
(146, 144)
(146, 145)
(146, 146)
(146, 147)
(146, 148)
(146, 149)
(146, 150)
(146, 151)
(146, 152)
(146, 153)
(146, 154)
(146, 155)
(146, 156)
(146, 157)
(146, 158)
(146, 159)
(146, 160)
(146, 161)
(146, 162)
(146, 163)
(146, 164)
(146, 165)
(146, 166)
(146, 167)
(146, 168)
(146, 169)
(146, 170)
(146, 171)
(146, 172)
(146, 173)
(146, 174)
(146, 175)
(146, 176)
(146, 177)
(146, 178)
(146, 179)
(146, 180)
(146, 181)
(146, 182)
(146, 183)
(146, 184)
(146, 185)
(146, 186)
(146, 187)
(146, 188)
(146, 189)
(146, 190)
(146, 191)
(146, 192)
(146, 193)
(146, 194)
(146, 195)
(147, 5)
(147, 6)
(147, 7)
(147, 8)
(147, 9)
(147, 10)
(147, 11)
(147, 12)
(147, 13)
(147, 14)
(147, 15)
(147, 16)
(147, 17)
(147, 18)
(147, 19)
(147, 20)
(147, 21)
(147, 22)
(147, 23)
(147, 24)
(147, 25)
(147, 26)
(147, 27)
(147, 29)
(147, 30)
(147, 31)
(147, 32)
(147, 33)
(147, 34)
(147, 35)
(147, 36)
(147, 37)
(147, 38)
(147, 39)
(147, 40)
(147, 41)
(147, 42)
(147, 43)
(147, 44)
(147, 45)
(147, 46)
(147, 47)
(147, 48)
(147, 49)
(147, 50)
(147, 51)
(147, 52)
(147, 53)
(147, 54)
(147, 55)
(147, 56)
(147, 57)
(147, 58)
(147, 59)
(147, 60)
(147, 61)
(147, 62)
(147, 63)
(147, 64)
(147, 65)
(147, 66)
(147, 67)
(147, 68)
(147, 69)
(147, 70)
(147, 71)
(147, 72)
(147, 73)
(147, 74)
(147, 75)
(147, 76)
(147, 77)
(147, 78)
(147, 79)
(147, 80)
(147, 81)
(147, 82)
(147, 83)
(147, 84)
(147, 85)
(147, 86)
(147, 87)
(147, 88)
(147, 89)
(147, 90)
(147, 91)
(147, 92)
(147, 93)
(147, 94)
(147, 95)
(147, 96)
(147, 97)
(147, 98)
(147, 99)
(147, 100)
(147, 101)
(147, 102)
(147, 103)
(147, 104)
(147, 105)
(147, 106)
(147, 107)
(147, 108)
(147, 109)
(147, 110)
(147, 112)
(147, 113)
(147, 114)
(147, 115)
(147, 116)
(147, 117)
(147, 118)
(147, 119)
(147, 120)
(147, 121)
(147, 122)
(147, 124)
(147, 125)
(147, 126)
(147, 127)
(147, 128)
(147, 129)
(147, 130)
(147, 131)
(147, 132)
(147, 133)
(147, 134)
(147, 135)
(147, 136)
(147, 137)
(147, 138)
(147, 139)
(147, 140)
(147, 141)
(147, 142)
(147, 143)
(147, 144)
(147, 145)
(147, 146)
(147, 147)
(147, 148)
(147, 149)
(147, 150)
(147, 151)
(147, 152)
(147, 153)
(147, 154)
(147, 155)
(147, 156)
(147, 157)
(147, 158)
(147, 159)
(147, 160)
(147, 161)
(147, 162)
(147, 163)
(147, 164)
(147, 165)
(147, 166)
(147, 167)
(147, 168)
(147, 169)
(147, 170)
(147, 171)
(147, 172)
(147, 173)
(147, 174)
(147, 175)
(147, 176)
(147, 177)
(147, 178)
(147, 179)
(147, 180)
(147, 181)
(147, 182)
(147, 183)
(147, 184)
(147, 185)
(147, 186)
(147, 187)
(147, 188)
(147, 189)
(147, 190)
(147, 191)
(147, 192)
(147, 193)
(147, 194)
